100000,	2
100000 - 125000,	7
100000 - 150000,	17
100000 - 175000,	15
100000 - 200000,	47
100000 - 225000,	23
100000 - 250000,	25
100000 - 275000,	4
100000 - 300000,	54
100000 - 325000,	1
100000 - 350000,	14
100000 - 400000,	50
100000 - 425000,	1
100000 - 450000,	8
100000 - 475000,	4
100000 - 500000,	24
100000 - 550000,	5
100000 - 600000,	44
1000000,	3
1200000,	2
125000 - 150000,	4
125000 - 175000,	5
125000 - 200000,	13
125000 - 225000,	27
125000 - 250000,	18
125000 - 275000,	15
125000 - 300000,	51
125000 - 325000,	11
125000 - 350000,	6
125000 - 375000,	5
125000 - 400000,	9
125000 - 425000,	6
125000 - 450000,	2
125000 - 475000,	2
125000 - 500000,	3
125000 - 550000,	1
125000 - 600000,	3
125000 - 625000,	1
150000 - 175000,	3
150000 - 200000,	16
150000 - 225000,	6
150000 - 250000,	64
150000 - 275000,	7
150000 - 300000,	28
150000 - 325000,	6
150000 - 350000,	23
150000 - 375000,	6
150000 - 400000,	19
150000 - 425000,	1
150000 - 450000,	3
150000 - 475000,	4
150000 - 500000,	4
150000 - 550000,	5
150000 - 600000,	12
150000 - 650000,	8
175000,	1
175000 - 200000,	8
175000 - 225000,	12
175000 - 250000,	16
175000 - 275000,	9
175000 - 300000,	36
175000 - 325000,	6
175000 - 350000,	11
175000 - 375000,	4
175000 - 400000,	13
175000 - 425000,	7
175000 - 450000,	3
175000 - 475000,	5
175000 - 500000,	5
175000 - 550000,	1
175000 - 600000,	1
200000,	1
200000 - 225000,	1
200000 - 250000,	15
200000 - 275000,	4
200000 - 300000,	27
200000 - 325000,	24
200000 - 350000,	23
200000 - 375000,	5
200000 - 400000,	57
200000 - 425000,	3
200000 - 450000,	16
200000 - 475000,	10
200000 - 500000,	55
200000 - 550000,	8
200000 - 600000,	20
200000 - 650000,	11
200000 - 700000,	56
225000 - 250000,	2
225000 - 300000,	7
225000 - 325000,	4
225000 - 350000,	10
225000 - 375000,	4
225000 - 400000,	2
225000 - 425000,	4
225000 - 450000,	8
225000 - 475000,	1
225000 - 500000,	1
225000 - 600000,	4
225000 - 650000,	2
225000 - 700000,	3
225000 - 725000,	5
250000 - 300000,	15
250000 - 325000,	2
250000 - 350000,	9
250000 - 375000,	9
250000 - 400000,	29
250000 - 425000,	3
250000 - 450000,	10
250000 - 475000,	3
250000 - 500000,	15
250000 - 550000,	11
250000 - 600000,	9
250000 - 650000,	6
250000 - 700000,	5
250000 - 750000,	8
275000 - 300000,	3
275000 - 325000,	2
275000 - 350000,	1
275000 - 375000,	2
275000 - 425000,	1
275000 - 450000,	3
275000 - 550000,	2
275000 - 600000,	1
275000 - 650000,	1
275000 - 775000,	3
300000 - 350000,	6
300000 - 375000,	6
300000 - 400000,	39
300000 - 425000,	2
300000 - 450000,	10
300000 - 475000,	2
300000 - 500000,	92
300000 - 550000,	7
300000 - 600000,	41
300000 - 650000,	7
300000 - 700000,	17
300000 - 750000,	8
300000 - 800000,	59
325000 - 375000,	1
325000 - 425000,	1
325000 - 450000,	1
325000 - 500000,	1
325000 - 550000,	1
325000 - 600000,	4
325000 - 650000,	3
325000 - 700000,	4
325000 - 750000,	6
325000 - 800000,	3
325000 - 825000,	2
35000 - 40000,	1
35000 - 45000,	1
350000 - 400000,	5
350000 - 425000,	2
350000 - 450000,	5
350000 - 475000,	3
350000 - 500000,	10
350000 - 550000,	9
350000 - 600000,	7
350000 - 650000,	2
350000 - 700000,	13
350000 - 750000,	5
350000 - 800000,	4
350000 - 850000,	14
375000 - 400000,	1
375000 - 450000,	1
375000 - 475000,	1
375000 - 500000,	5
375000 - 600000,	2
375000 - 700000,	5
375000 - 750000,	2
375000 - 800000,	2
375000 - 875000,	1
40000 - 55000,	1
400000 - 450000,	2
400000 - 500000,	15
400000 - 550000,	5
400000 - 600000,	29
400000 - 650000,	6
400000 - 700000,	17
400000 - 750000,	16
400000 - 800000,	20
400000 - 850000,	14
400000 - 900000,	70
425000 - 500000,	1
425000 - 600000,	1
425000 - 750000,	1
425000 - 800000,	4
425000 - 900000,	3
425000 - 925000,	9
450000 - 500000,	1
450000 - 550000,	1
450000 - 600000,	2
450000 - 650000,	2
450000 - 700000,	5
450000 - 750000,	1
450000 - 800000,	1
450000 - 950000,	4
475000 - 600000,	5
475000 - 700000,	5
475000 - 750000,	1
475000 - 850000,	1
475000 - 975000,	2
50000,	3
50000 - 100000,	5
50000 - 125000,	10
50000 - 150000,	5
50000 - 175000,	5
50000 - 200000,	8
50000 - 225000,	1
50000 - 250000,	24
50000 - 275000,	4
50000 - 300000,	19
50000 - 60000,	7
50000 - 80000,	1
500000,	1
500000 - 1000000,	39
500000 - 1100000,	8
500000 - 1200000,	42
500000 - 1300000,	11
500000 - 1400000,	6
500000 - 1500000,	72
500000 - 550000,	4
500000 - 600000,	7
500000 - 650000,	6
500000 - 700000,	10
500000 - 750000,	8
500000 - 800000,	32
500000 - 850000,	5
500000 - 900000,	20
500000 - 950000,	3
55000 - 75000,	1
550000 - 1000000,	1
550000 - 1100000,	3
550000 - 1200000,	2
550000 - 1300000,	2
550000 - 1500000,	3
550000 - 1550000,	8
550000 - 700000,	2
550000 - 750000,	2
550000 - 900000,	2
550000 - 950000,	1
60000,	2
60000 - 100000,	1
60000 - 250000,	3
60000 - 300000,	5
60000 - 70000,	3
60000 - 80000,	2
600000 - 1000000,	13
600000 - 1100000,	5
600000 - 1200000,	25
600000 - 1300000,	6
600000 - 1400000,	15
600000 - 1500000,	5
600000 - 1600000,	23
600000 - 700000,	2
600000 - 800000,	10
600000 - 850000,	2
600000 - 900000,	15
600000 - 950000,	4
650000 - 1100000,	1
650000 - 1200000,	1
650000 - 1300000,	2
650000 - 1650000,	3
650000 - 800000,	1
650000 - 900000,	1
70000 - 125000,	1
70000 - 150000,	2
70000 - 175000,	1
70000 - 250000,	4
70000 - 90000,	4
700000 - 1000000,	10
700000 - 1100000,	1
700000 - 1200000,	8
700000 - 1300000,	6
700000 - 1400000,	6
700000 - 1500000,	11
700000 - 1600000,	3
700000 - 1700000,	32
700000 - 800000,	2
700000 - 900000,	6
700000 - 950000,	2
75000 - 100000,	2
75000 - 90000,	2
750000 - 1000000,	1
750000 - 1100000,	1
750000 - 1300000,	2
750000 - 1500000,	1
750000 - 1750000,	2
80000 - 125000,	4
80000 - 150000,	2
80000 - 175000,	3
80000 - 200000,	3
80000 - 250000,	5
80000 - 300000,	4
800000 - 1000000,	11
800000 - 1100000,	2
800000 - 1200000,	25
800000 - 1300000,	4
800000 - 1400000,	7
800000 - 1500000,	11
800000 - 1600000,	8
800000 - 1700000,	4
800000 - 1800000,	24
800000 - 900000,	7
850000 - 1800000,	1
850000 - 1850000,	8
850000 - 900000,	1
90000 - 100000,	5
90000 - 150000,	5
90000 - 175000,	3
90000 - 200000,	4
90000 - 225000,	1
90000 - 250000,	2
90000 - 300000,	3
900000 - 1100000,	2
900000 - 1200000,	3
900000 - 1300000,	3
900000 - 1400000,	3
900000 - 1500000,	2
900000 - 1600000,	2
900000 - 1700000,	2
900000 - 1800000,	5
900000 - 1900000,	7
950000 - 1100000,	1
950000 - 1500000,	1
950000 - 1800000,	1
950000 - 1950000,	2
Less Than 50000,	1
Remuneration : Rs 35000,	1
