2,00,000 - 4,00,000
2,50,000 - 4,75,000
1,50,000 - 2,50,000
2,00,000 - 4,50,000
2,25,000 - 3,75,000
2,50,000 - 4,00,000
1,00,000 - 2,00,000
3,00,000 - 6,00,000
70,000 - 2,50,000
2,50,000 - 5,00,000
1,25,000 - 2,50,000
4,25,000 - 7,50,000
1,75,000 - 2,50,000
3,00,000 - 5,00,000
50,000 - 3,00,000
1,50,000 - 6,00,000
4,00,000 - 8,00,000
5,00,000 - 8,00,000
1,50,000 - 2,50,000
5,00,000 - 12,00,000
4,00,000 - 6,50,000
1,75,000 - 3,00,000
1,00,000 - 5,50,000
50,000 - 3,00,000
4,00,000 - 8,00,000
6,00,000 - 12,00,000
2,50,000 - 4,25,000
1,00,000 - 3,00,000
3,00,000 - 4,00,000
2,00,000 - 7,00,000
4,00,000 - 8,50,000
4,00,000 - 5,50,000
3,00,000 - 4,75,000
5,00,000 - 15,00,000
2,50,000 - 3,00,000
1,00,000 - 5,00,000
1,00,000 - 5,00,000
1,00,000 - 4,00,000
2,00,000 - 5,50,000
1,00,000 - 6,00,000
1,25,000 - 2,50,000
2,50,000 - 4,50,000
3,00,000 - 5,00,000
1,75,000 - 3,25,000
1,75,000 - 3,00,000
60,000 - 3,00,000
1,00,000 - 2,50,000
80,000 - 2,50,000
50,000 - 2,50,000
1,00,000 - 6,00,000
4,00,000 - 7,00,000
2,25,000 - 3,50,000
3,50,000 - 8,50,000
2,00,000 - 5,00,000
1,25,000 - 3,50,000
8,00,000 - 18,00,000
6,50,000 - 12,00,000
4,50,000 - 6,50,000
1,75,000 - 3,00,000
1,25,000 - 3,00,000
1,25,000 - 3,00,000
3,00,000 - 5,00,000
3,00,000 - 5,00,000
4,00,000 - 9,00,000
1,50,000 - 6,00,000
2,00,000 - 5,00,000
5,00,000 - 12,00,000
6,00,000 - 8,00,000
2,50,000 - 3,75,000
2,00,000 - 3,75,000
5,00,000 - 12,00,000
1,50,000 - 4,00,000
2,00,000 - 4,00,000
1,75,000 - 3,00,000
5,00,000 - 8,00,000
4,00,000 - 9,00,000
1,25,000 - 3,00,000
4,00,000 - 9,00,000
2,00,000 - 3,00,000
2,00,000 - 4,00,000
6,00,000 - 12,00,000
1,00,000 - 4,00,000
4,00,000 - 8,50,000
4,00,000 - 6,00,000
2,00,000 - 3,50,000
1,00,000 - 2,50,000
8,00,000 - 10,00,000
6,00,000 - 9,50,000
5,00,000 - 12,00,000
5,00,000 - 15,00,000
5,00,000 - 7,00,000
2,00,000 - 6,50,000
3,00,000 - 5,00,000
3,00,000 - 5,00,000
1,50,000 - 3,00,000
2,50,000 - 5,50,000
1,50,000 - 3,00,000
1,00,000 - 5,50,000
3,00,000 - 6,00,000
2,50,000 - 7,50,000
1,00,000 - 4,75,000
3,00,000 - 4,00,000
3,00,000 - 5,00,000
2,25,000 - 3,50,000
1,00,000 - 5,00,000
3,50,000 - 5,50,000
1,75,000 - 2,00,000
3,50,000 - 8,00,000
1,00,000 - 2,50,000
2,50,000 - 4,00,000
1,00,000 - 2,50,000
1,00,000 - 1,75,000
1,00,000 - 2,25,000
3,00,000 - 6,00,000
3,00,000 - 6,00,000
8,00,000 - 16,00,000
1,00,000 - 5,00,000
2,00,000 - 5,00,000
75,000 - 90,000
4,75,000 - 9,75,000
4,00,000 - 6,00,000
2,00,000 - 4,00,000
3,00,000 - 6,50,000
2,75,000 - 7,75,000
5,50,000 - 11,00,000
3,00,000 - 5,50,000
3,00,000 - 5,00,000
2,00,000 - 6,00,000
1,50,000 - 4,00,000
1,75,000 - 4,25,000
2,00,000 - 3,00,000
5,00,000 - 8,50,000
3,25,000 - 6,50,000
4,00,000 - 8,00,000
3,50,000 - 5,00,000
1,75,000 - 4,75,000
2,50,000 - 4,00,000
3,25,000 - 7,00,000
1,25,000 - 3,00,000
1,25,000 - 3,00,000
2,00,000 - 4,00,000
2,00,000 - 5,00,000
2,50,000 - 6,50,000
1,25,000 - 2,25,000
1,50,000 - 2,50,000
4,00,000 - 9,00,000
2,00,000 - 4,00,000
1,00,000 - 3,50,000
1,50,000 - 2,50,000
1,50,000 - 2,50,000
1,00,000 - 2,00,000
2,00,000 - 2,50,000
3,75,000 - 7,00,000
1,00,000 - 3,00,000
3,00,000 - 7,00,000
4,75,000 - 7,00,000
2,75,000 - 4,50,000
6,00,000 - 14,00,000
1,25,000 - 4,25,000
3,25,000 - 8,00,000
1,75,000 - 3,00,000
5,00,000 - 6,50,000
2,50,000 - 4,75,000
1,00,000 - 4,00,000
1,75,000 - 3,25,000
5,00,000 - 9,50,000
4,00,000 - 6,00,000
2,75,000 - 7,75,000
1,50,000 - 2,50,000
4,00,000 - 9,00,000
2,50,000 - 4,00,000
5,00,000 - 12,00,000
3,00,000 - 8,00,000
2,00,000 - 7,00,000
4,50,000 - 5,00,000
60,000 - 3,00,000
3,00,000 - 7,00,000
1,50,000 - 2,00,000
2,00,000 - 5,00,000
3,00,000 - 4,00,000
6,00,000 - 12,00,000
10,00,000
1,25,000 - 2,00,000
1,00,000 - 2,00,000
1,25,000 - 3,00,000
1,25,000 - 3,00,000
1,00,000 - 1,75,000
2,00,000 - 3,25,000
1,75,000 - 4,00,000
7,00,000 - 10,00,000
3,50,000 - 4,75,000
3,00,000 - 5,00,000
6,00,000 - 16,00,000
4,00,000 - 9,00,000
5,00,000 - 9,00,000
1,50,000 - 4,00,000
4,50,000 - 7,00,000
5,50,000 - 11,00,000
1,50,000 - 3,25,000
8,00,000 - 15,00,000
5,00,000 - 10,00,000
3,00,000 - 5,00,000
3,00,000 - 4,00,000
7,00,000 - 15,00,000
2,00,000 - 4,50,000
5,00,000 - 10,00,000
50,000 - 1,00,000
2,25,000 - 6,00,000
5,00,000 - 15,00,000
7,00,000 - 10,00,000
55,000 - 75,000
5,00,000 - 15,00,000
2,50,000 - 3,50,000
3,00,000 - 7,50,000
1,25,000 - 2,25,000
5,00,000 - 8,00,000
2,25,000 - 7,00,000
1,00,000 - 5,00,000
1,50,000 - 3,25,000
5,00,000 - 8,00,000
8,00,000 - 12,00,000
4,00,000 - 5,50,000
5,00,000 - 15,00,000
5,00,000 - 8,00,000
5,00,000 - 8,00,000
6,00,000 - 12,00,000
3,00,000 - 6,00,000
1,25,000 - 3,00,000
1,25,000 - 3,00,000
3,00,000 - 5,00,000
3,00,000 - 6,50,000
2,50,000 - 5,50,000
3,00,000 - 5,00,000
3,00,000 - 5,00,000
2,00,000 - 7,00,000
2,00,000 - 5,00,000
4,25,000 - 9,25,000
9,00,000 - 12,00,000
3,00,000 - 5,00,000
1,00,000 - 1,50,000
5,00,000 - 9,00,000
1,00,000 - 3,00,000
2,00,000 - 3,50,000
1,00,000 - 4,50,000
9,50,000 - 15,00,000
1,25,000 - 2,50,000
1,75,000 - 4,00,000
1,25,000 - 4,25,000
1,50,000 - 3,50,000
1,50,000 - 3,50,000
3,25,000 - 5,00,000
4,00,000 - 6,00,000
4,00,000 - 8,00,000
4,00,000 - 9,00,000
5,00,000 - 15,00,000
75,000 - 1,00,000
1,00,000 - 2,00,000
1,00,000 - 2,00,000
2,00,000 - 2,50,000
4,00,000 - 6,00,000
1,25,000 - 6,00,000
1,50,000 - 4,75,000
6,00,000 - 12,00,000
3,00,000 - 4,00,000
1,00,000 - 3,00,000
60,000 - 70,000
1,00,000 - 4,00,000
9,00,000 - 19,00,000
5,00,000 - 15,00,000
1,50,000 - 3,50,000
1,00,000 - 6,00,000
8,00,000 - 18,00,000
1,50,000 - 2,50,000
2,00,000 - 7,00,000
3,50,000 - 5,00,000
3,50,000 - 4,00,000
2,00,000 - 3,00,000
3,00,000 - 8,00,000
5,00,000 - 8,00,000
6,00,000 - 10,00,000
1,00,000 - 2,50,000
4,00,000 - 6,00,000
1,00,000 - 4,00,000
2,00,000 - 5,00,000
1,75,000 - 3,50,000
1,25,000 - 2,50,000
2,00,000 - 7,00,000
2,00,000 - 7,00,000
5,00,000 - 15,00,000
1,00,000 - 4,00,000
1,50,000 - 2,50,000
3,00,000 - 4,00,000
3,00,000 - 6,00,000
2,00,000 - 6,50,000
4,00,000 - 9,00,000
1,50,000 - 4,75,000
1,00,000 - 3,00,000
2,00,000 - 2,50,000
4,00,000 - 6,00,000
1,25,000 - 6,00,000
1,50,000 - 4,75,000
6,00,000 - 12,00,000
3,00,000 - 4,00,000
1,00,000 - 3,00,000
60,000 - 70,000
1,00,000 - 4,00,000
9,00,000 - 19,00,000
5,00,000 - 15,00,000
1,50,000 - 3,50,000
1,00,000 - 6,00,000
8,00,000 - 18,00,000
1,50,000 - 2,50,000
2,00,000 - 7,00,000
3,50,000 - 5,00,000
3,50,000 - 4,00,000
2,00,000 - 3,00,000
3,00,000 - 8,00,000
5,00,000 - 8,00,000
6,00,000 - 10,00,000
1,00,000 - 2,50,000
4,00,000 - 6,00,000
1,00,000 - 4,00,000
2,00,000 - 5,00,000
1,75,000 - 3,50,000
1,25,000 - 2,50,000
2,00,000 - 7,00,000
2,00,000 - 7,00,000
5,00,000 - 15,00,000
1,00,000 - 4,00,000
1,50,000 - 2,50,000
3,00,000 - 4,00,000
3,00,000 - 6,00,000
2,00,000 - 6,50,000
4,00,000 - 9,00,000
1,50,000 - 4,75,000
1,00,000 - 3,00,000
3,00,000 - 8,00,000
7,00,000 - 15,00,000
4,00,000 - 9,00,000
5,00,000 - 15,00,000
6,00,000 - 10,00,000
7,00,000 - 17,00,000
5,00,000 - 10,00,000
2,50,000 - 3,75,000
2,00,000 - 4,00,000
1,50,000 - 6,00,000
5,00,000 - 14,00,000
5,00,000 - 14,00,000
5,00,000 - 14,00,000
70,000 - 90,000
1,00,000 - 2,00,000
5,00,000 - 10,00,000
5,00,000 - 12,00,000
6,00,000 - 16,00,000
9,00,000 - 18,00,000
8,00,000 - 12,00,000
6,00,000 - 10,00,000
5,00,000 - 13,00,000
50,000 - 60,000
8,00,000 - 18,00,000
7,00,000 - 9,00,000
4,25,000 - 8,00,000
3,00,000 - 5,00,000
2,00,000 - 5,00,000
1,75,000 - 2,50,000
2,25,000 - 7,25,000
3,00,000 - 4,00,000
1,00,000 - 2,50,000
5,00,000 - 10,00,000
5,00,000 - 10,00,000
7,00,000 - 13,00,000
1,00,000 - 2,25,000
1,00,000 - 3,00,000
1,00,000 - 2,25,000
2,00,000 - 2,50,000
4,25,000 - 9,25,000
2,00,000 - 6,00,000
5,00,000 - 13,00,000
60,000 - 80,000
5,00,000 - 10,00,000
1,00,000 - 6,00,000
1,75,000 - 3,00,000
1,00,000 - 2,50,000
1,00,000 - 6,00,000
5,00,000 - 12,00,000
2,25,000 - 3,00,000
7,00,000 - 12,00,000
7,00,000 - 11,00,000
1,50,000 - 6,00,000
4,00,000 - 8,00,000
5,00,000 - 8,00,000
6,00,000 - 14,00,000
2,50,000 - 7,50,000
5,00,000 - 10,00,000
2,00,000 - 4,00,000
2,00,000 - 7,00,000
2,50,000 - 6,50,000
2,00,000 - 4,00,000
6,00,000 - 9,00,000
2,50,000 - 5,00,000
7,50,000 - 13,00,000
6,00,000 - 9,00,000
1,50,000 - 6,50,000
3,00,000 - 8,00,000
4,00,000 - 9,00,000
5,00,000 - 10,00,000
5,50,000 - 15,50,000
1,50,000 - 4,00,000
2,50,000 - 5,00,000
7,00,000 - 17,00,000
2,75,000 - 5,50,000
3,00,000 - 8,00,000
1,00,000 - 6,00,000
1,25,000 - 3,25,000
9,00,000 - 19,00,000
1,50,000 - 4,00,000
3,00,000 - 7,50,000
5,00,000 - 8,00,000
4,00,000 - 8,00,000
5,00,000 - 8,00,000
6,00,000 - 14,00,000
2,50,000 - 7,50,000
5,00,000 - 10,00,000
2,00,000 - 4,00,000
2,00,000 - 7,00,000
2,50,000 - 6,50,000
2,00,000 - 4,00,000
6,00,000 - 9,00,000
2,50,000 - 5,00,000
7,50,000 - 13,00,000
6,00,000 - 9,00,000
1,50,000 - 6,50,000
3,00,000 - 8,00,000
4,00,000 - 9,00,000
5,00,000 - 10,00,000
5,50,000 - 15,50,000
1,50,000 - 4,00,000
2,50,000 - 5,00,000
7,00,000 - 17,00,000
2,75,000 - 5,50,000
3,00,000 - 8,00,000
1,00,000 - 6,00,000
1,25,000 - 3,25,000
9,00,000 - 19,00,000
1,50,000 - 4,00,000
3,00,000 - 7,50,000
5,00,000 - 8,00,000
7,00,000 - 17,00,000
8,00,000 - 15,00,000
4,00,000 - 9,00,000
1,00,000 - 4,00,000
1,00,000 - 6,00,000
4,00,000 - 5,00,000
5,00,000 - 8,00,000
4,00,000 - 9,00,000
2,00,000 - 4,75,000
3,00,000 - 5,00,000
6,00,000 - 16,00,000
3,00,000 - 8,00,000
5,00,000 - 15,00,000
4,00,000 - 9,00,000
4,00,000 - 9,00,000
3,50,000 - 8,50,000
3,00,000 - 8,00,000
6,00,000 - 15,00,000
5,00,000 - 8,00,000
5,00,000 - 15,00,000
8,00,000 - 18,00,000
5,00,000 - 15,00,000
9,00,000 - 17,00,000
9,50,000 - 19,50,000
5,00,000 - 12,00,000
8,00,000 - 15,00,000
2,00,000 - 7,00,000
1,00,000 - 4,00,000
5,00,000 - 8,00,000
7,00,000 - 17,00,000
1,00,000 - 4,00,000
3,00,000 - 5,00,000
5,00,000 - 15,00,000
4,00,000 - 9,00,000
1,50,000 - 4,00,000
6,00,000 - 10,00,000
60,000
1,00,000
12,00,000
9,00,000 - 18,00,000
3,00,000 - 8,00,000
3,75,000 - 7,50,000
6,00,000 - 16,00,000
2,25,000 - 7,25,000
2,00,000 - 7,00,000
2,50,000 - 7,50,000
7,00,000 - 17,00,000
1,50,000 - 6,50,000
3,00,000 - 7,00,000
5,00,000 - 8,00,000
6,00,000 - 15,00,000
9,00,000 - 19,00,000
7,00,000 - 17,00,000
1,00,000 - 6,00,000
5,00,000 - 11,00,000
4,75,000 - 8,50,000
5,00,000 - 12,00,000
7,00,000 - 17,00,000
8,00,000 - 18,00,000
6,50,000 - 8,00,000
9,00,000 - 11,00,000
8,50,000 - 18,50,000
1,00,000 - 2,00,000
5,00,000 - 10,00,000
7,00,000 - 17,00,000
7,00,000 - 17,00,000
6,00,000 - 16,00,000
5,00,000 - 15,00,000
5,00,000 - 10,00,000
4,00,000 - 9,00,000
3,00,000 - 7,00,000
1,25,000 - 4,25,000
9,00,000 - 14,00,000
6,00,000 - 16,00,000
5,00,000 - 15,00,000
5,00,000 - 15,00,000
3,50,000 - 8,50,000
5,00,000 - 8,00,000
2,50,000 - 4,25,000
9,50,000 - 18,00,000
1,50,000 - 2,50,000
2,00,000 - 4,00,000
2,00,000 - 3,25,000
1,00,000 - 3,50,000
1,50,000 - 2,50,000
2,00,000 - 2,50,000
2,00,000 - 4,50,000
3,00,000 - 4,50,000
2,00,000 - 6,50,000
1,00,000 - 2,00,000
1,00,000 - 3,00,000
90,000 - 1,00,000
7,00,000 - 8,00,000
80,000 - 1,75,000
2,50,000 - 5,00,000
2,00,000 - 4,75,000
4,75,000 - 6,00,000
1,25,000 - 2,50,000
1,75,000 - 2,75,000
5,00,000 - 7,50,000
5,00,000 - 8,50,000
2,00,000 - 7,00,000
2,25,000 - 5,00,000
3,00,000 - 4,00,000
4,00,000 - 9,00,000
1,50,000 - 6,50,000
1,00,000 - 2,25,000
1,50,000 - 3,00,000
1,50,000 - 3,75,000
2,00,000 - 4,00,000
1,75,000 - 2,25,000
1,25,000 - 4,00,000
2,00,000 - 4,50,000
50,000 - 3,00,000
2,00,000 - 7,00,000
6,00,000 - 16,00,000
1,00,000 - 1,75,000
1,00,000 - 3,50,000
8,00,000 - 18,00,000
5,00,000 - 9,00,000
8,00,000 - 14,00,000
5,00,000 - 15,00,000
4,00,000 - 6,00,000
1,50,000 - 2,50,000
9,00,000 - 16,00,000
4,50,000 - 8,00,000
5,00,000 - 12,00,000
80,000 - 3,00,000
4,00,000 - 9,00,000
1,75,000 - 3,00,000
3,00,000 - 8,00,000
2,00,000 - 5,00,000
1,00,000 - 5,50,000
1,50,000 - 2,50,000
6,00,000 - 7,00,000
3,75,000 - 5,00,000
1,50,000 - 2,50,000
4,00,000 - 5,00,000
5,00,000 - 8,00,000
2,00,000 - 4,75,000
3,00,000 - 6,00,000
7,00,000 - 15,00,000
8,00,000 - 9,00,000
2,00,000 - 4,00,000
6,00,000 - 10,00,000
1,00,000 - 1,50,000
3,00,000 - 5,00,000
4,00,000 - 9,00,000
3,00,000 - 6,00,000
3,00,000 - 7,00,000
8,00,000 - 12,00,000
4,00,000 - 8,50,000
4,00,000 - 7,50,000
8,00,000 - 14,00,000
1,00,000 - 4,00,000
1,00,000 - 4,00,000
1,00,000 - 6,00,000
4,00,000 - 7,50,000
4,00,000 - 5,50,000
6,00,000 - 16,00,000
7,00,000 - 10,00,000
4,00,000 - 9,00,000
1,00,000 - 6,00,000
1,00,000 - 6,00,000
1,00,000 - 1,75,000
5,00,000 - 11,00,000
2,00,000 - 3,00,000
5,00,000 - 12,00,000
5,00,000 - 12,00,000
1,00,000 - 3,50,000
5,00,000 - 9,00,000
5,00,000 - 10,00,000
3,50,000 - 4,75,000
1,00,000 - 4,75,000
5,00,000 - 12,00,000
5,00,000 - 12,00,000
4,00,000 - 9,00,000
5,00,000 - 5,50,000
5,00,000 - 15,00,000
2,00,000 - 3,00,000
2,50,000 - 6,50,000
5,00,000 - 15,00,000
1,50,000 - 2,50,000
6,00,000 - 13,00,000
8,00,000 - 11,00,000
50,000 - 1,25,000
1,75,000
3,00,000 - 8,00,000
1,00,000 - 4,50,000
3,50,000 - 8,50,000
3,00,000 - 6,00,000
5,00,000 - 15,00,000
3,00,000 - 5,00,000
1,00,000 - 1,50,000
9,00,000 - 15,00,000
6,00,000 - 12,00,000
1,50,000 - 2,00,000
5,00,000 - 13,00,000
6,00,000 - 15,00,000
5,00,000 - 15,00,000
5,00,000 - 15,00,000
5,00,000 - 10,00,000
2,00,000 - 4,25,000
6,00,000 - 16,00,000
6,00,000 - 8,00,000
6,00,000 - 12,00,000
60,000
1,25,000 - 4,00,000
5,00,000 - 15,00,000
5,00,000 - 12,00,000
5,00,000 - 12,00,000
4,00,000 - 6,00,000
4,00,000 - 6,00,000
4,00,000 - 6,00,000
8,50,000 - 18,50,000
3,00,000 - 7,00,000
2,00,000 - 4,50,000
2,00,000 - 5,00,000
2,25,000 - 3,00,000
70,000 - 1,50,000
3,50,000 - 8,50,000
5,00,000 - 8,00,000
2,50,000 - 4,25,000
6,00,000 - 9,00,000
1,50,000 - 2,50,000
5,00,000 - 15,00,000
1,00,000 - 5,00,000
3,00,000 - 4,00,000
1,50,000 - 2,50,000
50,000 - 3,00,000
2,00,000 - 4,00,000
1,50,000 - 2,50,000
2,00,000 - 2,50,000
2,50,000 - 3,50,000
1,00,000 - 3,50,000
3,50,000 - 5,00,000
1,25,000 - 2,25,000
2,00,000 - 4,50,000
1,50,000 - 1,75,000
2,00,000 - 6,50,000
2,00,000 - 5,50,000
3,50,000 - 7,50,000
2,00,000 - 2,75,000
3,00,000 - 4,50,000
1,25,000 - 2,25,000
2,50,000 - 5,00,000
2,00,000 - 4,75,000
5,00,000 - 7,50,000
1,00,000 - 2,00,000
1,00,000 - 3,00,000
7,00,000 - 8,00,000
80,000 - 1,75,000
4,75,000 - 6,00,000
5,00,000 - 8,50,000
2,00,000 - 7,00,000
3,00,000 - 4,00,000
4,00,000 - 9,00,000
1,50,000 - 6,50,000
90,000 - 1,00,000
70,000 - 2,50,000
1,75,000 - 2,75,000
2,00,000 - 7,00,000
1,00,000 - 2,25,000
50,000 - 2,50,000
3,50,000 - 8,00,000
1,50,000 - 3,00,000
1,75,000 - 2,25,000
1,50,000 - 3,75,000
3,50,000 - 6,00,000
2,00,000 - 4,00,000
2,00,000 - 5,00,000
3,00,000 - 5,00,000
5,00,000 - 10,00,000
8,00,000 - 10,00,000
4,00,000 - 8,50,000
3,00,000 - 4,00,000
8,00,000 - 12,00,000
4,00,000 - 7,00,000
1,75,000 - 2,50,000
3,00,000 - 5,50,000
5,00,000 - 6,50,000
2,25,000 - 4,25,000
3,50,000 - 8,50,000
4,00,000 - 8,00,000
2,00,000 - 5,00,000
3,50,000 - 7,50,000
1,00,000 - 5,00,000
3,00,000 - 5,00,000
1,00,000 - 6,00,000
6,00,000 - 12,00,000
3,00,000 - 8,00,000
5,00,000 - 15,00,000
3,00,000 - 6,00,000
1,75,000 - 3,50,000
2,00,000 - 5,00,000
50,000 - 60,000
2,50,000 - 3,00,000
2,25,000 - 4,50,000
5,00,000 - 12,00,000
2,50,000 - 5,00,000
9,00,000 - 15,00,000
4,00,000 - 6,00,000
1,75,000 - 6,00,000
1,75,000 - 2,25,000
2,00,000 - 7,00,000
7,00,000 - 9,00,000
5,00,000 - 6,00,000
1,00,000 - 5,00,000
5,00,000 - 7,50,000
8,50,000 - 18,50,000
3,50,000 - 8,50,000
80,000 - 2,50,000
50,000 - 3,00,000
8,50,000 - 18,50,000
1,25,000 - 3,00,000
1,25,000 - 3,00,000
1,00,000 - 5,00,000
5,50,000 - 7,00,000
2,00,000 - 6,00,000
8,00,000 - 18,00,000
5,00,000 - 12,00,000
5,00,000 - 12,00,000
5,00,000 - 12,00,000
5,00,000 - 15,00,000
1,50,000 - 1,75,000
4,00,000 - 7,50,000
1,00,000 - 2,00,000
1,50,000 - 6,00,000
4,00,000 - 6,00,000
5,00,000 - 15,00,000
5,50,000 - 13,00,000
1,75,000 - 3,00,000
4,00,000 - 5,00,000
2,50,000 - 3,75,000
3,00,000 - 7,00,000
2,00,000 - 7,00,000
3,00,000 - 7,00,000
4,75,000 - 9,75,000
5,00,000 - 9,00,000
1,50,000 - 3,00,000
1,50,000 - 3,00,000
5,00,000 - 6,50,000
5,00,000 - 9,00,000
75,000 - 1,00,000
3,25,000 - 8,00,000
1,00,000 - 6,00,000
75,000 - 90,000
2,00,000 - 6,00,000
5,00,000 - 15,00,000
8,00,000 - 14,00,000
1,00,000 - 4,75,000
2,25,000 - 3,25,000
2,50,000 - 3,50,000
6,00,000 - 16,00,000
9,00,000 - 19,00,000
3,00,000 - 8,00,000
8,00,000 - 18,00,000
3,00,000 - 8,00,000
9,00,000 - 16,00,000
6,00,000 - 16,00,000
2,00,000 - 7,00,000
4,00,000 - 6,00,000
1,50,000 - 3,00,000
5,00,000 - 11,00,000
2,75,000 - 3,00,000
1,25,000 - 3,00,000
1,25,000 - 3,00,000
2,00,000 - 6,00,000
2,00,000 - 7,00,000
9,50,000 - 19,50,000
7,00,000 - 17,00,000
1,25,000 - 5,00,000
5,00,000 - 13,00,000
6,00,000 - 14,00,000
5,00,000 - 13,00,000
3,25,000 - 6,50,000
3,50,000 - 7,00,000
4,00,000 - 6,50,000
8,00,000 - 15,00,000
3,00,000 - 8,00,000
4,00,000 - 5,00,000
2,00,000 - 4,50,000
4,00,000 - 7,50,000
1,00,000 - 3,00,000
1,75,000 - 5,50,000
3,50,000 - 5,50,000
2,00,000 - 4,00,000
2,50,000 - 4,00,000
2,25,000 - 4,25,000
1,75,000 - 2,50,000
3,50,000 - 8,50,000
1,00,000 - 3,00,000
5,00,000 - 15,00,000
3,00,000 - 4,00,000
2,50,000 - 4,00,000
2,50,000 - 4,00,000
2,50,000 - 4,00,000
2,50,000 - 4,00,000
2,50,000 - 4,00,000
2,50,000 - 4,00,000
2,50,000 - 4,00,000
2,50,000 - 4,00,000
6,00,000 - 9,00,000
2,50,000 - 4,00,000
3,00,000 - 6,00,000
2,50,000 - 4,00,000
2,50,000 - 4,00,000
1,00,000 - 4,00,000
1,00,000 - 4,00,000
1,00,000 - 4,00,000
2,50,000 - 4,00,000
2,00,000 - 5,00,000
3,75,000 - 5,00,000
5,00,000 - 12,00,000
1,50,000 - 2,50,000
3,00,000 - 5,00,000
4,00,000 - 9,00,000
4,00,000 - 9,00,000
4,00,000 - 9,00,000
6,00,000 - 16,00,000
2,25,000 - 6,50,000
2,00,000 - 5,00,000
3,00,000 - 5,50,000
5,00,000 - 15,00,000
5,00,000 - 15,00,000
50,000 - 60,000
3,00,000 - 8,00,000
3,00,000 - 6,00,000
2,00,000 - 5,00,000
4,00,000 - 9,00,000
5,50,000 - 12,00,000
6,00,000 - 12,00,000
2,50,000 - 3,00,000
4,00,000 - 7,50,000
4,00,000 - 7,50,000
4,25,000 - 9,00,000
6,00,000 - 12,00,000
3,00,000 - 6,00,000
7,00,000 - 17,00,000
8,00,000 - 12,00,000
5,00,000 - 15,00,000
4,00,000 - 8,50,000
6,00,000 - 9,00,000
6,00,000 - 9,00,000
2,00,000 - 6,00,000
60,000 - 70,000
3,00,000 - 5,50,000
8,50,000 - 18,50,000
1,00,000 - 6,00,000
2,50,000 - 7,00,000
3,00,000 - 6,00,000
3,00,000 - 6,00,000
80,000 - 1,75,000
6,00,000 - 9,00,000
7,00,000 - 14,00,000
2,00,000 - 7,00,000
2,25,000 - 4,50,000
8,00,000 - 17,00,000
3,25,000 - 8,25,000
2,00,000 - 6,00,000
4,00,000 - 9,00,000
6,50,000 - 16,50,000
6,50,000 - 16,50,000
5,00,000 - 9,00,000
1,00,000 - 5,00,000
3,00,000 - 8,00,000
6,00,000 - 14,00,000
50,000 - 60,000
7,00,000 - 17,00,000
3,00,000 - 8,00,000
1,00,000 - 6,00,000
1,00,000 - 6,00,000
2,75,000 - 4,50,000
2,00,000 - 7,00,000
2,75,000 - 7,75,000
5,00,000 - 12,00,000
5,00,000 - 15,00,000
5,00,000 - 13,00,000
5,00,000 - 13,00,000
8,50,000 - 9,00,000
6,00,000 - 10,00,000
8,50,000 - 18,50,000
4,00,000 - 9,00,000
5,00,000 - 15,00,000
7,50,000 - 10,00,000
2,25,000 - 7,25,000
8,00,000 - 12,00,000
8,00,000 - 12,00,000
7,00,000 - 12,00,000
3,50,000 - 7,00,000
5,00,000 - 14,00,000
5,00,000 - 15,00,000
8,00,000 - 15,00,000
4,00,000 - 9,00,000
1,50,000 - 2,50,000
6,00,000 - 16,00,000
50,000
2,25,000 - 6,00,000
5,00,000 - 8,00,000
6,00,000 - 12,00,000
3,00,000 - 8,00,000
3,00,000 - 6,00,000
3,00,000 - 6,00,000
2,00,000 - 4,75,000
8,00,000 - 18,00,000
7,00,000 - 17,00,000
7,00,000 - 10,00,000
5,50,000 - 11,00,000
3,00,000 - 5,00,000
3,00,000 - 5,00,000
2,50,000 - 4,50,000
1,25,000 - 3,00,000
1,25,000 - 3,00,000
1,75,000 - 3,00,000
1,00,000 - 6,00,000
6,00,000 - 14,00,000
7,00,000 - 17,00,000
4,00,000 - 7,00,000
90,000 - 1,75,000
7,00,000 - 9,00,000
6,00,000 - 9,50,000
4,75,000 - 6,00,000
1,50,000 - 2,00,000
1,50,000 - 3,50,000
70,000 - 90,000
3,00,000 - 5,00,000
3,00,000 - 5,00,000
1,25,000 - 3,00,000
1,25,000 - 3,00,000
2,50,000 - 5,50,000
5,50,000 - 13,00,000
2,50,000 - 5,00,000
2,00,000 - 3,00,000
2,00,000 - 3,25,000
4,00,000 - 9,00,000
4,00,000 - 9,00,000
50,000
1,25,000 - 2,25,000
90,000 - 2,25,000
7,00,000 - 17,00,000
3,50,000 - 5,50,000
2,50,000 - 7,50,000
2,00,000 - 7,00,000
4,00,000 - 9,00,000
50,000 - 80,000
7,00,000 - 17,00,000
60,000 - 1,00,000
1,00,000 - 2,75,000
5,00,000 - 7,00,000
2,00,000 - 6,50,000
2,50,000 - 4,50,000
3,00,000 - 4,50,000
3,00,000 - 8,00,000
3,00,000 - 5,00,000
3,00,000 - 5,00,000
3,00,000 - 8,00,000
70,000 - 90,000
5,00,000 - 15,00,000
9,00,000 - 13,00,000
5,00,000 - 8,00,000
50,000 - 60,000
2,00,000 - 7,00,000
4,00,000 - 5,00,000
2,50,000 - 4,50,000
7,00,000 - 10,00,000
8,00,000 - 14,00,000
8,00,000 - 14,00,000
6,00,000 - 14,00,000
6,00,000 - 14,00,000
2,50,000 - 5,50,000
1,50,000 - 3,50,000
3,00,000 - 4,00,000
9,00,000 - 12,00,000
4,00,000 - 5,00,000
8,00,000 - 9,00,000
3,00,000 - 7,00,000
4,00,000 - 8,00,000
9,00,000 - 18,00,000
4,25,000 - 9,25,000
5,50,000 - 15,50,000
1,25,000 - 2,25,000
1,25,000 - 2,25,000
4,25,000 - 9,00,000
4,00,000 - 7,50,000
2,00,000 - 7,00,000
3,00,000 - 4,50,000
5,50,000 - 15,50,000
6,00,000 - 16,00,000
8,00,000 - 12,00,000
1,00,000 - 3,00,000
5,00,000 - 9,00,000
5,00,000
6,00,000 - 14,00,000
50,000 - 3,00,000
8,00,000 - 16,00,000
1,00,000 - 4,50,000
5,50,000 - 15,50,000
8,00,000 - 12,00,000
3,00,000 - 6,00,000
12,00,000
8,00,000 - 12,00,000
8,00,000 - 12,00,000
5,00,000 - 15,00,000
1,25,000 - 3,00,000
1,25,000 - 3,00,000
1,25,000 - 3,00,000
1,25,000 - 3,00,000
7,00,000 - 12,00,000
5,00,000 - 12,00,000
4,00,000 - 9,00,000
8,00,000 - 12,00,000
1,25,000 - 3,00,000
1,25,000 - 3,00,000
6,00,000 - 16,00,000
5,00,000 - 12,00,000
3,00,000 - 5,00,000
3,00,000 - 5,00,000
7,00,000 - 14,00,000
3,00,000 - 8,00,000
1,00,000 - 3,00,000
9,00,000 - 19,00,000
8,00,000 - 18,00,000
3,00,000 - 8,00,000
3,00,000 - 8,00,000
6,00,000 - 14,00,000
4,50,000 - 9,50,000
6,00,000 - 14,00,000
6,00,000 - 16,00,000
7,00,000 - 15,00,000
8,00,000 - 12,00,000
5,00,000 - 11,00,000
7,00,000 - 16,00,000
4,00,000 - 9,00,000
4,00,000 - 6,50,000
3,25,000 - 6,00,000
4,00,000 - 9,00,000
1,25,000 - 2,25,000
1,25,000 - 2,25,000
4,00,000 - 7,00,000
1,25,000 - 3,00,000
1,25,000 - 3,00,000
7,00,000 - 17,00,000
7,00,000 - 17,00,000
8,00,000 - 18,00,000
7,00,000 - 17,00,000
5,00,000 - 15,00,000
5,00,000 - 10,00,000
3,00,000 - 6,00,000
1,00,000 - 1,75,000
8,00,000 - 12,00,000
5,00,000 - 10,00,000
3,25,000 - 8,00,000
90,000 - 2,00,000
3,00,000 - 7,00,000
2,00,000 - 5,00,000
3,75,000 - 7,50,000
3,50,000 - 8,50,000
7,00,000 - 17,00,000
9,00,000 - 17,00,000
4,00,000 - 9,00,000
2,25,000 - 7,25,000
3,00,000 - 8,00,000
2,75,000 - 6,00,000
4,00,000 - 5,50,000
3,00,000 - 5,00,000
4,00,000 - 9,00,000
3,25,000 - 5,50,000
8,00,000 - 13,00,000
5,00,000 - 12,00,000
6,00,000 - 12,00,000
5,00,000 - 14,00,000
3,00,000 - 4,50,000
3,00,000 - 6,00,000
1,00,000 - 6,00,000
5,00,000 - 15,00,000
1,00,000 - 4,50,000
5,00,000 - 15,00,000
8,00,000 - 17,00,000
7,00,000 - 16,00,000
6,00,000 - 14,00,000
2,00,000 - 7,00,000
2,50,000 - 7,50,000
5,00,000 - 15,00,000
7,00,000 - 17,00,000
7,00,000 - 17,00,000
1,00,000 - 6,00,000
1,50,000 - 4,00,000
6,00,000 - 10,00,000
2,00,000 - 6,00,000
6,00,000 - 14,00,000
7,00,000 - 15,00,000
4,00,000 - 6,00,000
7,00,000 - 17,00,000
5,00,000 - 10,00,000
1,00,000 - 2,25,000
4,00,000 - 9,00,000
5,00,000 - 8,00,000
8,00,000 - 17,00,000
8,00,000 - 15,00,000
7,50,000 - 11,00,000
3,00,000 - 8,00,000
5,00,000 - 15,00,000
6,00,000 - 16,00,000
3,00,000 - 6,00,000
5,00,000 - 10,00,000
5,00,000 - 15,00,000
7,00,000 - 17,00,000
8,00,000 - 18,00,000
2,00,000 - 6,50,000
3,25,000 - 4,50,000
6,00,000 - 8,00,000
6,00,000 - 9,00,000
6,00,000 - 8,00,000
6,00,000 - 9,00,000
2,00,000 - 6,50,000
8,50,000 - 18,00,000
5,00,000 - 10,00,000
6,00,000 - 9,50,000
8,00,000 - 18,00,000
8,00,000 - 15,00,000
3,50,000 - 7,00,000
2,00,000 - 7,00,000
7,00,000 - 16,00,000
1,25,000 - 6,25,000
3,00,000 - 8,00,000
6,00,000 - 8,50,000
5,00,000 - 9,50,000
1,00,000 - 3,00,000
5,00,000 - 11,00,000
5,00,000 - 11,00,000
50,000 - 1,50,000
8,00,000 - 12,00,000
8,00,000 - 18,00,000
3,00,000 - 7,50,000
7,00,000 - 10,00,000
4,00,000 - 7,50,000
4,00,000 - 7,00,000
5,00,000 - 15,00,000
8,00,000 - 16,00,000
3,00,000 - 7,50,000
5,00,000 - 12,00,000
8,00,000 - 12,00,000
5,00,000 - 12,00,000
5,00,000 - 12,00,000
50,000 - 1,50,000
5,50,000 - 10,00,000
3,50,000 - 8,00,000
4,25,000 - 9,25,000
1,00,000 - 5,00,000
7,00,000 - 15,00,000
7,00,000 - 14,00,000
7,00,000 - 14,00,000
6,00,000 - 11,00,000
3,00,000 - 8,00,000
7,00,000 - 14,00,000
2,50,000 - 6,00,000
1,25,000 - 2,50,000
2,00,000 - 4,00,000
9,00,000 - 14,00,000
2,00,000 - 6,00,000
3,00,000 - 8,00,000
4,00,000 - 9,00,000
4,50,000 - 9,50,000
5,00,000 - 9,00,000
8,00,000 - 15,00,000
1,00,000 - 2,00,000
1,50,000 - 2,50,000
5,00,000 - 12,00,000
5,00,000 - 10,00,000
2,00,000 - 4,75,000
3,00,000 - 5,00,000
4,00,000 - 7,00,000
6,00,000 - 10,00,000
8,00,000 - 15,00,000
3,00,000 - 4,25,000
5,50,000 - 9,00,000
5,00,000 - 6,00,000
8,00,000 - 12,00,000
5,00,000 - 14,00,000
5,00,000 - 9,00,000
2,00,000 - 7,00,000
5,00,000 - 6,00,000
2,00,000 - 7,00,000
2,25,000 - 3,50,000
3,50,000 - 4,25,000
5,00,000 - 8,00,000
3,00,000 - 5,00,000
3,00,000 - 5,00,000
1,25,000 - 4,50,000
1,25,000 - 3,00,000
1,25,000 - 3,00,000
1,00,000 - 2,50,000
5,00,000 - 7,00,000
2,00,000 - 6,00,000
7,00,000 - 12,00,000
3,00,000 - 3,50,000
1,50,000 - 3,25,000
1,25,000 - 4,00,000
3,00,000 - 6,00,000
5,00,000 - 15,00,000
3,00,000 - 8,00,000
8,00,000 - 18,00,000
3,00,000 - 5,00,000
3,00,000 - 8,00,000
5,00,000 - 9,00,000
3,00,000 - 5,00,000
4,00,000 - 9,00,000
3,00,000 - 5,00,000
4,00,000 - 9,00,000
4,00,000 - 8,00,000
2,00,000 - 5,00,000
3,00,000 - 4,00,000
7,00,000 - 14,00,000
8,00,000 - 10,00,000
2,00,000 - 3,25,000
4,00,000 - 8,50,000
4,00,000 - 5,00,000
2,00,000 - 3,00,000
2,00,000 - 5,00,000
5,00,000 - 15,00,000
2,50,000 - 3,50,000
1,50,000 - 3,25,000
3,00,000 - 6,00,000
2,00,000 - 4,00,000
8,00,000 - 16,00,000
2,00,000 - 5,00,000
9,00,000 - 18,00,000
8,00,000 - 12,00,000
1,00,000 - 5,00,000
4,25,000 - 9,00,000
6,00,000 - 11,00,000
4,00,000 - 8,00,000
6,50,000 - 11,00,000
2,00,000 - 6,00,000
7,00,000 - 17,00,000
5,00,000 - 6,50,000
1,00,000 - 3,00,000
4,00,000 - 7,00,000
1,75,000 - 3,25,000
7,00,000 - 13,00,000
1,25,000 - 4,25,000
2,25,000 - 7,00,000
5,00,000 - 12,00,000
1,25,000 - 2,00,000
1,25,000 - 2,25,000
5,00,000 - 15,00,000
5,00,000 - 5,50,000
3,00,000 - 8,00,000
1,50,000 - 4,00,000
3,00,000 - 4,00,000
60,000 - 3,00,000
1,00,000 - 2,50,000
4,00,000 - 8,00,000
50,000 - 1,00,000
5,00,000 - 10,00,000
5,00,000 - 9,00,000
7,00,000 - 9,00,000
4,25,000 - 9,25,000
3,00,000 - 4,00,000
2,00,000 - 4,00,000
2,00,000 - 5,00,000
4,00,000 - 6,00,000
5,00,000 - 15,00,000
2,00,000 - 3,00,000
8,00,000 - 13,00,000
5,00,000 - 8,00,000
5,00,000 - 8,00,000
3,50,000 - 7,00,000
2,50,000 - 4,00,000
2,50,000 - 6,50,000
2,00,000 - 5,00,000
2,00,000 - 7,00,000
4,50,000 - 7,00,000
2,50,000 - 4,00,000
3,50,000 - 7,00,000
1,25,000 - 5,50,000
3,25,000 - 8,25,000
4,00,000 - 9,00,000
4,50,000 - 7,00,000
2,00,000 - 2,50,000
50,000 - 60,000
1,00,000 - 4,75,000
3,00,000 - 5,00,000
6,00,000 - 14,00,000
1,00,000 - 3,50,000
1,50,000 - 6,00,000
7,00,000 - 10,00,000
4,00,000 - 7,50,000
4,00,000 - 9,00,000
3,50,000 - 8,50,000
6,00,000 - 16,00,000
3,00,000 - 5,00,000
4,25,000 - 9,25,000
1,25,000 - 2,50,000
1,00,000 - 2,75,000
2,00,000 - 6,00,000
1,50,000 - 6,00,000
1,00,000 - 3,00,000
1,00,000 - 6,00,000
3,00,000 - 7,00,000
2,00,000 - 2,50,000
3,75,000 - 5,00,000
3,00,000 - 8,00,000
4,00,000 - 9,00,000
3,00,000 - 8,00,000
5,00,000 - 15,00,000
4,00,000 - 9,00,000
3,00,000 - 8,00,000
3,00,000 - 7,50,000
2,00,000 - 5,00,000
3,50,000 - 7,00,000
4,00,000 - 9,00,000
1,25,000 - 4,25,000
1,00,000 - 2,00,000
5,00,000 - 12,00,000
2,00,000 - 5,00,000
2,00,000 - 7,00,000
6,00,000 - 12,00,000
1,25,000 - 2,25,000
5,00,000 - 12,00,000
3,00,000 - 5,00,000
4,00,000 - 8,50,000
10,00,000
6,00,000 - 10,00,000
5,00,000 - 9,00,000
3,00,000 - 5,00,000
3,50,000 - 7,00,000
4,00,000 - 5,00,000
8,00,000 - 16,00,000
4,75,000 - 7,00,000
2,00,000 - 4,00,000
3,00,000 - 4,00,000
90,000 - 1,00,000
1,25,000 - 2,50,000
1,00,000 - 6,00,000
2,00,000 - 4,75,000
1,00,000 - 4,00,000
1,00,000 - 4,00,000
1,00,000 - 4,00,000
1,50,000 - 2,50,000
1,00,000 - 1,75,000
1,00,000 - 6,00,000
1,00,000 - 3,00,000
1,25,000 - 3,50,000
2,50,000 - 7,00,000
1,50,000 - 3,50,000
2,00,000 - 4,00,000
5,00,000 - 9,00,000
2,50,000 - 5,50,000
80,000 - 3,00,000
90,000 - 1,50,000
1,00,000 - 2,00,000
1,50,000 - 3,50,000
2,00,000 - 3,50,000
2,50,000 - 3,25,000
80,000 - 2,00,000
1,25,000 - 2,00,000
1,00,000 - 6,00,000
1,25,000 - 4,00,000
2,25,000 - 3,25,000
1,50,000 - 2,50,000
1,00,000 - 3,50,000
3,00,000 - 4,00,000
1,50,000 - 2,25,000
1,75,000 - 2,25,000
70,000 - 2,50,000
1,75,000 - 2,75,000
6,00,000 - 16,00,000
3,00,000 - 5,00,000
2,00,000 - 2,75,000
1,00,000 - 3,00,000
6,00,000 - 11,00,000
1,50,000 - 2,25,000
1,50,000 - 2,00,000
2,00,000 - 4,00,000
50,000 - 2,50,000
1,75,000 - 2,50,000
1,00,000 - 5,00,000
7,00,000 - 17,00,000
3,50,000 - 4,00,000
1,50,000 - 2,50,000
1,00,000 - 2,00,000
6,00,000 - 15,00,000
1,50,000 - 3,00,000
60,000 - 2,50,000
2,50,000 - 5,50,000
3,75,000 - 4,75,000
3,50,000 - 4,50,000
1,50,000 - 2,50,000
80,000 - 2,50,000
1,00,000 - 4,00,000
5,50,000 - 9,50,000
1,75,000 - 2,25,000
1,50,000 - 3,00,000
2,25,000 - 4,50,000
1,75,000 - 2,50,000
2,50,000 - 7,50,000
4,00,000 - 7,50,000
1,00,000 - 4,00,000
1,75,000 - 5,00,000
2,00,000 - 4,00,000
1,00,000 - 3,00,000
50,000
1,00,000 - 1,25,000
3,50,000 - 6,50,000
1,00,000 - 1,50,000
3,75,000 - 7,00,000
1,50,000 - 3,50,000
1,00,000 - 2,00,000
1,00,000 - 3,00,000
1,25,000 - 2,50,000
3,00,000 - 4,00,000
2,50,000 - 3,00,000
2,00,000 - 4,00,000
50,000 - 2,50,000
2,00,000 - 5,00,000
4,00,000 - 6,00,000
3,00,000 - 6,00,000
1,50,000 - 2,75,000
1,00,000 - 2,25,000
2,25,000 - 3,75,000
4,00,000 - 7,00,000
50,000 - 2,50,000
2,50,000 - 3,50,000
1,50,000 - 4,00,000
1,25,000 - 2,00,000
1,75,000 - 2,50,000
1,00,000 - 2,50,000
1,25,000 - 2,50,000
2,00,000 - 3,00,000
1,50,000 - 3,00,000
3,00,000 - 5,00,000
2,50,000 - 6,00,000
5,00,000 - 11,00,000
1,50,000 - 3,00,000
80,000 - 1,25,000
50,000 - 1,25,000
1,00,000 - 2,25,000
1,00,000 - 2,00,000
3,50,000 - 8,50,000
1,00,000 - 2,00,000
3,00,000 - 6,00,000
1,00,000 - 3,00,000
2,00,000 - 5,00,000
1,00,000 - 2,75,000
3,00,000 - 3,75,000
1,50,000 - 4,00,000
90,000 - 1,50,000
1,00,000 - 1,75,000
2,00,000 - 7,00,000
50,000 - 3,00,000
1,00,000 - 1,50,000
1,75,000 - 4,00,000
1,75,000 - 3,00,000
2,25,000 - 3,50,000
5,50,000 - 7,50,000
3,00,000 - 5,00,000
2,00,000 - 4,00,000
3,25,000 - 6,50,000
2,00,000 - 3,00,000
2,00,000 - 5,00,000
1,25,000 - 3,50,000
1,75,000 - 2,25,000
1,00,000 - 1,75,000
2,00,000 - 3,00,000
1,75,000 - 2,75,000
1,00,000 - 2,00,000
8,00,000 - 14,00,000
3,25,000 - 7,00,000
3,00,000 - 4,50,000
3,00,000 - 5,00,000
1,00,000 - 3,00,000
2,50,000 - 5,00,000
1,00,000 - 6,00,000
2,25,000 - 4,75,000
1,25,000 - 4,00,000
2,00,000 - 4,50,000
5,00,000 - 13,00,000
2,75,000 - 3,25,000
2,00,000 - 3,75,000
1,75,000 - 3,50,000
2,00,000 - 2,50,000
2,00,000 - 2,75,000
50,000 - 2,50,000
3,00,000 - 5,00,000
1,50,000 - 2,50,000
3,75,000 - 7,00,000
1,50,000 - 3,75,000
6,00,000 - 12,00,000
6,00,000 - 12,00,000
1,50,000 - 4,00,000
3,00,000 - 5,00,000
2,00,000 - 3,50,000
1,50,000 - 4,50,000
1,00,000 - 5,00,000
1,75,000 - 5,00,000
1,00,000 - 2,25,000
60,000 - 3,00,000
4,00,000 - 5,00,000
2,50,000 - 6,00,000
1,50,000 - 2,00,000
2,50,000 - 6,00,000
1,25,000 - 1,75,000
2,50,000 - 4,00,000
1,75,000 - 4,00,000
4,00,000 - 8,00,000
50,000 - 3,00,000
50,000 - 60,000
1,00,000 - 2,00,000
5,00,000 - 15,00,000
3,00,000 - 8,00,000
1,00,000 - 1,25,000
3,50,000 - 7,50,000
4,00,000 - 6,00,000
1,25,000 - 2,50,000
90,000 - 2,00,000
1,75,000 - 3,25,000
3,25,000 - 7,00,000
2,00,000 - 3,00,000
1,75,000 - 3,50,000
5,50,000 - 7,00,000
3,50,000 - 4,00,000
4,50,000 - 9,50,000
5,00,000 - 15,00,000
3,25,000 - 7,00,000
2,00,000 - 5,00,000
1,00,000 - 1,50,000
1,00,000 - 4,00,000
1,75,000 - 3,00,000
3,00,000 - 4,00,000
1,25,000 - 2,25,000
1,00,000 - 4,25,000
1,25,000 - 2,25,000
1,00,000 - 2,25,000
2,50,000 - 5,50,000
4,00,000 - 6,00,000
4,00,000 - 9,00,000
1,25,000 - 3,75,000
3,00,000 - 8,00,000
4,25,000 - 9,25,000
2,00,000 - 4,50,000
1,50,000 - 2,50,000
3,00,000 - 5,00,000
1,25,000 - 4,00,000
1,50,000 - 3,00,000
2,00,000 - 7,00,000
1,75,000 - 4,00,000
3,50,000 - 6,00,000
3,00,000 - 4,00,000
1,25,000 - 4,75,000
2,00,000 - 4,25,000
3,50,000 - 5,50,000
3,00,000 - 4,00,000
2,50,000 - 6,50,000
2,25,000 - 3,00,000
2,50,000 - 3,50,000
2,00,000 - 4,00,000
2,00,000 - 3,00,000
4,00,000 - 6,00,000
2,00,000 - 4,00,000
2,25,000 - 3,00,000
2,50,000 - 3,50,000
3,00,000 - 4,50,000
3,50,000 - 7,00,000
3,50,000 - 5,00,000
1,00,000 - 3,00,000
1,25,000 - 2,25,000
50,000 - 2,50,000
1,25,000 - 5,00,000
3,00,000 - 6,00,000
5,00,000 - 15,00,000
3,50,000 - 5,50,000
1,50,000 - 3,50,000
2,00,000 - 4,75,000
1,00,000 - 4,50,000
90,000 - 1,75,000
2,25,000 - 3,00,000
70,000 - 1,50,000
4,75,000 - 6,00,000
1,00,000 - 3,00,000
2,50,000 - 5,00,000
1,00,000 - 6,00,000
50,000 - 2,00,000
2,25,000 - 4,50,000
3,50,000 - 4,25,000
5,00,000 - 8,00,000
1,50,000 - 2,25,000
1,00,000 - 5,00,000
8,00,000 - 18,00,000
2,00,000 - 3,00,000
2,00,000 - 3,75,000
1,00,000 - 2,50,000
90,000 - 3,00,000
2,00,000 - 3,00,000
50,000 - 2,75,000
1,50,000 - 4,00,000
1,50,000 - 2,50,000
1,75,000 - 3,50,000
2,00,000 - 5,00,000
3,00,000 - 5,00,000
2,00,000 - 7,00,000
50,000 - 3,00,000
1,00,000 - 6,00,000
2,00,000 - 5,00,000
4,00,000 - 5,00,000
1,00,000 - 4,50,000
2,00,000 - 5,00,000
3,00,000 - 8,00,000
3,25,000 - 6,00,000
2,00,000 - 3,50,000
1,50,000 - 3,00,000
2,00,000 - 6,00,000
3,00,000 - 5,00,000
2,00,000 - 6,00,000
1,75,000 - 3,00,000
8,00,000 - 14,00,000
1,25,000 - 2,75,000
4,75,000 - 7,00,000
2,00,000 - 5,00,000
1,50,000 - 3,00,000
3,00,000 - 5,00,000
1,00,000 - 3,00,000
1,00,000 - 4,00,000
2,00,000 - 5,50,000
1,00,000 - 3,00,000
90,000 - 2,00,000
1,00,000 - 2,50,000
80,000 - 2,50,000
5,00,000 - 7,00,000
1,50,000 - 5,50,000
50,000 - 2,50,000
2,25,000 - 4,50,000
4,00,000 - 9,00,000
2,50,000 - 5,50,000
2,25,000 - 3,50,000
1,00,000 - 6,00,000
3,00,000 - 5,00,000
80,000 - 2,00,000
80,000 - 2,00,000
1,75,000 - 3,00,000
1,25,000 - 3,00,000
1,25,000 - 3,00,000
50,000 - 2,00,000
3,00,000 - 5,00,000
3,25,000 - 7,50,000
1,75,000 - 3,00,000
3,25,000 - 7,50,000
1,25,000 - 3,00,000
1,50,000 - 5,50,000
6,50,000 - 13,00,000
1,00,000 - 2,50,000
2,00,000 - 4,50,000
1,50,000 - 2,50,000
6,00,000 - 13,00,000
60,000 - 2,50,000
1,00,000 - 2,00,000
3,25,000 - 4,25,000
2,00,000 - 4,00,000
6,00,000 - 12,00,000
4,00,000 - 8,50,000
2,50,000 - 3,00,000
2,50,000 - 3,00,000
1,75,000 - 4,00,000
3,00,000 - 5,00,000
90,000 - 3,00,000
1,00,000 - 1,75,000
2,00,000 - 3,50,000
1,00,000 - 3,00,000
2,00,000 - 5,00,000
1,50,000 - 2,50,000
3,00,000 - 4,50,000
1,50,000 - 2,50,000
50,000 - 1,25,000
2,50,000 - 3,75,000
4,00,000 - 7,00,000
1,75,000 - 4,25,000
1,25,000 - 2,00,000
4,00,000 - 6,00,000
2,00,000 - 5,50,000
3,00,000 - 3,50,000
80,000 - 1,25,000
3,00,000 - 5,00,000
1,25,000 - 3,00,000
1,25,000 - 3,00,000
1,00,000 - 2,00,000
3,00,000 - 5,00,000
1,50,000 - 2,75,000
1,00,000 - 3,00,000
3,00,000 - 6,50,000
6,00,000 - 7,00,000
1,75,000 - 3,50,000
2,00,000 - 3,00,000
2,00,000 - 5,50,000
1,75,000 - 3,00,000
1,75,000 - 3,75,000
1,75,000 - 4,25,000
2,50,000 - 4,50,000
2,50,000 - 4,50,000
2,00,000 - 5,00,000
1,75,000 - 4,00,000
1,00,000 - 1,75,000
3,00,000 - 5,00,000
1,50,000 - 5,00,000
2,00,000 - 5,00,000
1,75,000 - 3,00,000
2,00,000 - 7,00,000
1,75,000 - 3,50,000
1,00,000 - 1,75,000
50,000 - 2,50,000
1,25,000 - 1,75,000
1,00,000 - 3,00,000
1,75,000 - 3,00,000
80,000 - 1,50,000
1,75,000 - 4,25,000
1,00,000 - 1,50,000
1,00,000 - 3,00,000
2,00,000 - 2,75,000
2,00,000 - 7,00,000
2,00,000 - 3,50,000
1,50,000 - 2,50,000
3,00,000 - 6,00,000
1,00,000 - 1,50,000
3,00,000 - 6,50,000
50,000 - 2,50,000
2,00,000 - 4,00,000
50,000 - 2,50,000
2,00,000 - 4,00,000
1,00,000 - 3,50,000
2,50,000 - 5,50,000
2,00,000 - 5,00,000
3,00,000 - 6,00,000
3,00,000 - 8,00,000
5,00,000 - 15,00,000
3,00,000 - 8,00,000
50,000 - 3,00,000
4,00,000 - 7,00,000
1,25,000 - 6,00,000
2,00,000 - 4,50,000
1,75,000 - 2,75,000
70,000 - 1,75,000
1,25,000 - 2,25,000
1,75,000 - 3,00,000
1,25,000 - 3,75,000
1,00,000 - 2,25,000
2,00,000 - 7,00,000
3,50,000 - 6,00,000
2,25,000 - 3,25,000
3,00,000 - 5,00,000
1,00,000 - 3,00,000
1,25,000 - 2,25,000
1,00,000 - 4,00,000
1,25,000 - 3,00,000
1,75,000 - 4,50,000
3,00,000 - 5,00,000
3,75,000 - 8,75,000
5,00,000 - 8,00,000
50,000 - 2,50,000
4,00,000 - 5,00,000
1,00,000 - 2,25,000
1,50,000 - 3,50,000
2,00,000 - 3,25,000
1,25,000 - 2,75,000
1,00,000 - 2,25,000
1,50,000 - 2,75,000
2,00,000 - 3,25,000
2,00,000 - 6,00,000
4,00,000 - 9,00,000
1,25,000 - 2,75,000
1,25,000 - 3,25,000
2,00,000 - 3,50,000
1,75,000 - 2,00,000
1,50,000 - 1,75,000
1,50,000 - 2,50,000
1,00,000 - 2,00,000
1,00,000 - 1,50,000
1,25,000 - 2,75,000
50,000 - 1,75,000
1,50,000 - 4,50,000
2,00,000 - 3,25,000
70,000 - 1,25,000
3,00,000 - 3,75,000
2,50,000 - 3,75,000
1,25,000 - 2,75,000
1,25,000 - 2,75,000
1,25,000 - 3,25,000
1,75,000 - 2,75,000
1,25,000 - 3,25,000
1,75,000 - 2,75,000
2,00,000 - 6,00,000
1,50,000 - 3,00,000
1,50,000 - 2,00,000
2,00,000 - 3,00,000
1,50,000 - 2,50,000
1,00,000 - 3,25,000
1,25,000 - 1,75,000
90,000 - 1,50,000
1,25,000 - 4,00,000
1,50,000 - 3,50,000
1,50,000 - 3,50,000
1,50,000 - 3,50,000
1,25,000 - 2,50,000
2,00,000 - 3,25,000
2,00,000 - 3,25,000
1,00,000 - 2,00,000
1,50,000 - 3,00,000
1,75,000 - 3,00,000
1,75,000 - 3,00,000
1,50,000 - 3,50,000
1,25,000 - 1,50,000
2,00,000 - 3,25,000
1,00,000 - 4,50,000
1,25,000 - 2,75,000
1,75,000 - 3,25,000
1,25,000 - 1,75,000
1,25,000 - 2,00,000
1,50,000 - 2,75,000
1,50,000 - 3,75,000
1,00,000
1,50,000 - 2,50,000
2,50,000 - 4,00,000
1,50,000 - 3,00,000
1,50,000 - 3,00,000
1,25,000 - 3,50,000
1,50,000 - 2,00,000
1,25,000 - 2,75,000
1,75,000 - 4,25,000
1,50,000 - 2,00,000
1,00,000 - 2,00,000
1,25,000 - 3,25,000
1,50,000 - 3,50,000
1,25,000 - 3,25,000
3,00,000 - 3,75,000
2,00,000 - 3,25,000
2,00,000 - 3,25,000
2,00,000 - 3,25,000
1,00,000 - 1,50,000
1,00,000 - 2,25,000
2,25,000 - 4,25,000
1,25,000 - 3,25,000
2,50,000 - 3,50,000
1,75,000 - 2,75,000
1,00,000 - 1,50,000
1,00,000 - 1,25,000
1,00,000 - 1,25,000
1,00,000 - 3,50,000
2,00,000 - 3,25,000
2,25,000 - 6,00,000
50,000 - 2,50,000
1,25,000 - 3,25,000
50,000 - 2,50,000
1,50,000 - 3,25,000
1,00,000 - 1,50,000
1,75,000 - 2,00,000
70,000 - 90,000
50,000 - 2,75,000
50,000 - 2,75,000
50,000 - 3,00,000
3,50,000 - 5,00,000
1,50,000 - 2,50,000
1,75,000 - 2,50,000
50,000 - 1,75,000
1,75,000 - 3,50,000
1,00,000 - 3,00,000
1,00,000 - 2,25,000
1,75,000 - 2,25,000
1,50,000 - 2,00,000
1,75,000 - 2,50,000
50,000 - 3,00,000
50,000 - 3,00,000
3,00,000 - 5,00,000
1,25,000 - 2,75,000
1,25,000 - 2,75,000
2,00,000 - 4,00,000
1,75,000 - 3,50,000
1,50,000 - 2,00,000
2,25,000 - 4,25,000
1,50,000 - 2,50,000
3,00,000 - 3,75,000
3,00,000 - 4,00,000
1,25,000 - 2,25,000
2,00,000 - 7,00,000
1,25,000 - 3,00,000
1,00,000 - 3,00,000
50,000 - 1,75,000
50,000 - 2,00,000
50,000 - 1,25,000
3,50,000 - 5,50,000
1,00,000 - 6,00,000
1,75,000 - 3,50,000
50,000 - 1,50,000
50,000 - 1,50,000
6,00,000 - 10,00,000
50,000 - 2,50,000
50,000 - 2,50,000
50,000 - 2,50,000
50,000 - 2,50,000
1,75,000 - 2,00,000
1,25,000 - 1,50,000
1,75,000 - 2,50,000
1,75,000 - 2,25,000
50,000 - 2,00,000
1,50,000 - 2,00,000
8,00,000 - 15,00,000
2,00,000 - 3,25,000
2,00,000 - 3,00,000
2,00,000 - 4,00,000
50,000 - 2,00,000
50,000 - 2,00,000
50,000 - 2,00,000
1,00,000 - 2,00,000
1,25,000 - 2,50,000
1,25,000 - 2,75,000
1,50,000 - 2,25,000
50,000 - 1,50,000
1,75,000 - 3,75,000
1,25,000 - 1,75,000
50,000 - 1,25,000
1,75,000 - 4,75,000
1,50,000 - 2,25,000
1,50,000 - 4,00,000
1,75,000 - 2,25,000
1,50,000 - 2,75,000
1,25,000 - 3,75,000
50,000 - 1,75,000
1,50,000 - 2,50,000
1,50,000 - 3,00,000
3,75,000 - 4,50,000
1,50,000 - 2,50,000
2,00,000 - 4,00,000
1,50,000 - 3,00,000
5,00,000 - 8,00,000
2,50,000 - 3,75,000
2,50,000 - 3,00,000
1,25,000 - 3,00,000
1,25,000 - 2,75,000
2,00,000 - 3,00,000
1,00,000 - 3,00,000
2,00,000 - 3,25,000
2,00,000 - 3,25,000
2,25,000 - 3,25,000
1,00,000 - 2,00,000
50,000 - 2,50,000
90,000 - 2,50,000
1,75,000 - 2,00,000
90,000 - 1,00,000
1,00,000 - 2,00,000
3,00,000 - 6,50,000
2,75,000 - 6,50,000
1,50,000 - 5,50,000
4,00,000 - 8,00,000
3,50,000 - 7,00,000
5,00,000 - 6,00,000
8,00,000 - 12,00,000
1,50,000 - 2,75,000
1,00,000 - 3,00,000
2,00,000 - 5,00,000
8,00,000 - 12,00,000
35,000 - 45,000
2,00,000 - 5,00,000
1,00,000 - 1,25,000
1,00,000 - 2,50,000
7,00,000 - 15,00,000
3,50,000 - 5,50,000
7,00,000 - 17,00,000
2,25,000 - 4,00,000
3,00,000 - 8,00,000
2,00,000 - 3,25,000
4,00,000 - 7,00,000
7,00,000 - 13,00,000
50,000 - 2,50,000
2,00,000 - 3,25,000
6,00,000 - 8,50,000
5,00,000 - 15,00,000
3,50,000 - 6,00,000
5,50,000 - 15,50,000
1,00,000 - 1,50,000
8,00,000 - 12,00,000
6,00,000 - 9,00,000
5,00,000 - 9,00,000
2,00,000 - 4,00,000
9,00,000 - 13,00,000
3,00,000 - 5,00,000
2,00,000 - 3,00,000
6,00,000 - 12,00,000
5,00,000 - 12,00,000
1,00,000 - 2,50,000
6,00,000 - 12,00,000
3,50,000 - 4,75,000
2,75,000 - 3,75,000
1,00,000 - 2,00,000
6,00,000 - 12,00,000
2,00,000 - 3,25,000
4,00,000 - 9,00,000
5,00,000 - 9,50,000
6,50,000 - 9,00,000
3,25,000 - 3,75,000
9,50,000 - 11,00,000
3,00,000 - 6,00,000
3,00,000 - 5,00,000
3,25,000 - 7,50,000
7,00,000 - 13,00,000
4,50,000 - 6,00,000
2,00,000 - 7,00,000
8,00,000 - 12,00,000
3,00,000 - 6,00,000
3,00,000 - 5,00,000
3,00,000 - 5,00,000
2,50,000 - 3,00,000
4,00,000 - 9,00,000
2,00,000 - 3,75,000
7,00,000 - 10,00,000
2,25,000 - 6,50,000
8,00,000 - 10,00,000
2,50,000 - 3,00,000
8,00,000 - 10,00,000
1,75,000 - 2,50,000
4,00,000 - 7,00,000
8,50,000 - 18,50,000
8,00,000 - 10,00,000
7,00,000 - 9,00,000
1,50,000 - 3,00,000
9,00,000 - 14,00,000
2,00,000 - 2,50,000
4,00,000 - 5,00,000
5,00,000 - 9,00,000
4,25,000 - 6,00,000
3,00,000 - 4,00,000
2,50,000 - 3,25,000
90,000 - 2,50,000
2,00,000 - 3,25,000
2,00,000 - 3,25,000
8,00,000 - 13,00,000
2,00,000 - 2,50,000
1,75,000 - 2,00,000
2,00,000 - 6,50,000
3,50,000 - 6,00,000
1,75,000 - 2,00,000
1,00,000 - 2,00,000
8,00,000 - 10,00,000
5,00,000 - 12,00,000
1,25,000 - 3,00,000
7,00,000 - 10,00,000
6,00,000 - 13,00,000
3,00,000 - 6,50,000
8,50,000 - 18,50,000
1,25,000 - 3,00,000
5,00,000 - 15,00,000
1,00,000 - 2,00,000
5,00,000 - 10,00,000
1,00,000 - 2,00,000
2,00,000
3,50,000 - 8,00,000
1,00,000 - 4,00,000
1,25,000 - 2,50,000
2,00,000 - 3,00,000
3,00,000 - 7,00,000
4,00,000 - 6,00,000
35,000 - 40,000
4,00,000 - 6,00,000
1,00,000 - 5,00,000
4,25,000 - 5,00,000
1,25,000 - 2,00,000
3,00,000 - 4,00,000
3,50,000 - 4,50,000
2,00,000 - 4,00,000
2,50,000 - 3,00,000
1,75,000 - 2,25,000
2,00,000 - 3,50,000
50,000 - 2,25,000
4,00,000 - 4,50,000
3,00,000 - 3,50,000
1,25,000 - 2,50,000
1,50,000 - 3,00,000
5,00,000 - 7,00,000
2,00,000 - 4,00,000
3,00,000 - 4,25,000
2,00,000 - 4,25,000
3,75,000 - 7,00,000
5,00,000 - 12,00,000
2,00,000 - 7,00,000
1,75,000 - 2,50,000
2,00,000 - 7,00,000
1,75,000 - 3,00,000
1,00,000 - 2,50,000
3,50,000 - 4,50,000
7,00,000 - 9,50,000
3,00,000 - 5,00,000
1,25,000 - 2,00,000
3,00,000 - 3,75,000
1,00,000 - 4,00,000
1,00,000 - 4,00,000
3,50,000 - 4,50,000
4,00,000 - 5,50,000
80,000 - 1,25,000
7,00,000 - 17,00,000
5,00,000 - 7,50,000
5,00,000 - 7,50,000
6,00,000 - 16,00,000
2,00,000 - 3,50,000
1,25,000 - 3,00,000
5,00,000 - 7,50,000
1,25,000 - 3,25,000
4,00,000 - 4,50,000
2,00,000 - 4,75,000
1,00,000 - 6,00,000
5,00,000 - 10,00,000
7,00,000 - 9,50,000
2,50,000 - 4,00,000
1,75,000 - 4,50,000
8,00,000 - 13,00,000
90,000 - 1,00,000
1,00,000 - 4,00,000
3,00,000 - 8,00,000
1,00,000 - 4,00,000
1,00,000 - 4,00,000
3,00,000 - 4,00,000
2,25,000 - 2,50,000
1,50,000 - 4,50,000
1,50,000 - 3,00,000
6,00,000 - 15,00,000
1,50,000 - 3,50,000
5,00,000 - 7,00,000
5,00,000 - 7,00,000
2,00,000 - 7,00,000
1,50,000 - 2,50,000
4,50,000 - 7,00,000
4,50,000 - 7,00,000
1,50,000 - 4,25,000
1,50,000 - 2,50,000
1,50,000 - 2,50,000
7,50,000 - 17,50,000
5,00,000 - 12,00,000
1,50,000 - 2,50,000
5,00,000 - 10,00,000
3,50,000 - 7,00,000
5,00,000 - 10,00,000
5,00,000 - 10,00,000
4,00,000 - 7,50,000
1,25,000 - 2,50,000
1,00,000 - 6,00,000
3,00,000 - 3,50,000
4,00,000 - 7,50,000
5,00,000 - 10,00,000
2,00,000 - 5,00,000
5,00,000 - 6,50,000
2,00,000 - 7,00,000
1,00,000 - 2,00,000
1,00,000 - 2,00,000
1,00,000 - 4,00,000
8,00,000 - 9,00,000
1,00,000 - 6,00,000
1,00,000 - 3,50,000
1,00,000 - 3,00,000
3,00,000 - 8,00,000
4,50,000 - 7,50,000
3,00,000 - 6,00,000
3,50,000 - 8,50,000
8,00,000 - 9,00,000
2,25,000 - 2,50,000
1,75,000 - 5,00,000
50,000 - 2,50,000
2,00,000 - 4,00,000
1,25,000 - 2,75,000
1,75,000 - 2,50,000
2,00,000 - 3,00,000
2,00,000 - 3,50,000
2,50,000 - 6,00,000
2,00,000 - 5,00,000
7,00,000 - 12,00,000
2,00,000 - 4,00,000
1,50,000 - 2,50,000
3,00,000 - 5,00,000
2,25,000 - 3,50,000
1,50,000 - 2,25,000
1,00,000 - 5,00,000
2,00,000 - 3,00,000
1,00,000 - 2,25,000
2,00,000 - 3,50,000
1,50,000 - 3,25,000
6,00,000 - 9,50,000
5,50,000 - 7,50,000
4,00,000 - 9,00,000
1,00,000 - 3,00,000
2,50,000 - 7,00,000
6,00,000 - 11,00,000
1,50,000 - 3,50,000
3,00,000 - 8,00,000
5,50,000 - 9,00,000
2,00,000 - 5,00,000
1,75,000 - 5,00,000
2,00,000 - 3,50,000
1,00,000 - 1,75,000
1,00,000 - 6,00,000
1,00,000 - 5,00,000
1,00,000 - 5,00,000
7,00,000 - 17,00,000
6,00,000 - 8,00,000
4,00,000 - 6,50,000
1,25,000 - 3,75,000
5,00,000 - 15,00,000
6,00,000 - 16,00,000
4,00,000 - 7,00,000
4,00,000 - 8,50,000
4,00,000 - 9,00,000
4,25,000 - 9,25,000
4,00,000 - 6,50,000
2,00,000 - 2,50,000
2,50,000 - 5,50,000
2,00,000 - 7,00,000
2,00,000 - 2,50,000
3,50,000 - 4,00,000
1,00,000 - 1,25,000
2,00,000 - 4,00,000
2,00,000 - 6,00,000
4,00,000 - 5,00,000
2,00,000 - 5,50,000
1,50,000 - 6,00,000
2,00,000 - 3,50,000
1,00,000 - 2,00,000
3,75,000 - 5,00,000
4,00,000 - 5,00,000
4,75,000 - 7,00,000
2,00,000 - 5,00,000
1,75,000 - 3,00,000
1,50,000 - 2,50,000
8,00,000 - 12,00,000
4,50,000 - 5,50,000
6,00,000 - 16,00,000
1,00,000 - 3,00,000
4,00,000 - 7,50,000
4,00,000 - 9,00,000
3,50,000 - 8,50,000
5,00,000 - 12,00,000
5,00,000 - 6,50,000
2,50,000 - 4,00,000
1,75,000 - 3,00,000
5,00,000 - 5,50,000
2,50,000 - 4,00,000
2,50,000 - 4,00,000
5,00,000 - 12,00,000
1,50,000 - 2,50,000
6,00,000 - 13,00,000
1,75,000 - 3,25,000
7,00,000 - 13,00,000
3,00,000 - 8,00,000
4,00,000 - 9,00,000
3,00,000 - 8,00,000
5,00,000 - 15,00,000
4,00,000 - 9,00,000
3,00,000 - 8,00,000
3,00,000 - 7,50,000
1,25,000 - 4,25,000
8,00,000 - 10,00,000
3,00,000 - 8,00,000
4,00,000 - 8,00,000
3,00,000 - 8,00,000
5,00,000 - 6,00,000
5,00,000 - 6,00,000
1,00,000 - 6,00,000
8,00,000 - 18,00,000
2,00,000 - 7,00,000
1,00,000 - 2,00,000
60,000 - 3,00,000
3,00,000 - 8,00,000
4,00,000 - 9,00,000
2,00,000 - 3,50,000
6,00,000 - 12,00,000
3,00,000 - 4,00,000
1,50,000 - 2,00,000
4,50,000 - 6,50,000
5,00,000 - 8,00,000
2,00,000 - 5,00,000
6,00,000 - 8,00,000
8,00,000 - 15,00,000
2,00,000 - 4,00,000
50,000 - 3,00,000
1,75,000 - 4,00,000
3,00,000 - 5,00,000
4,50,000 - 6,00,000
3,00,000 - 4,00,000
5,00,000 - 15,00,000
2,00,000 - 4,00,000
1,00,000 - 3,50,000
2,00,000 - 7,00,000
1,00,000 - 2,50,000
1,00,000 - 2,25,000
2,50,000 - 5,50,000
1,50,000 - 2,50,000
1,50,000 - 2,50,000
5,00,000 - 10,00,000
5,00,000 - 7,00,000
1,50,000 - 2,50,000
5,00,000 - 6,00,000
2,00,000 - 7,00,000
6,00,000 - 12,00,000
1,25,000 - 2,25,000
5,00,000 - 12,00,000
3,00,000 - 5,00,000
4,00,000 - 8,50,000
10,00,000
6,00,000 - 10,00,000
3,50,000 - 7,00,000
8,00,000 - 16,00,000
4,00,000 - 8,50,000
4,00,000 - 5,00,000
6,00,000 - 14,00,000
5,00,000 - 5,50,000
1,00,000 - 4,00,000
4,00,000 - 7,00,000
3,00,000 - 8,00,000
3,00,000 - 7,50,000
1,75,000 - 4,00,000
2,25,000 - 7,00,000
4,00,000 - 6,50,000
2,00,000 - 6,50,000
1,50,000 - 2,00,000
4,25,000 - 9,25,000
5,00,000 - 12,00,000
8,00,000 - 18,00,000
1,50,000 - 6,50,000
3,00,000 - 6,00,000
1,00,000 - 6,00,000
1,25,000 - 2,00,000
50,000 - 2,00,000
2,00,000 - 4,50,000
1,50,000 - 2,50,000
3,50,000 - 7,50,000
2,00,000 - 3,00,000
1,00,000 - 5,00,000
9,00,000 - 18,00,000
1,25,000 - 2,25,000
9,00,000 - 11,00,000
5,00,000 - 8,50,000
9,00,000 - 13,00,000
1,50,000 - 6,50,000
5,00,000 - 10,00,000
3,00,000 - 5,00,000
5,50,000 - 15,00,000
8,00,000 - 10,00,000
1,00,000 - 6,00,000
3,50,000 - 6,00,000
1,00,000 - 6,00,000
3,00,000 - 5,50,000
7,00,000 - 12,00,000
4,00,000 - 9,00,000
3,00,000 - 5,00,000
6,00,000 - 10,00,000
40,000 - 55,000
1,00,000 - 4,00,000
1,00,000 - 4,00,000
1,00,000 - 4,00,000
1,25,000 - 3,00,000
50,000 - 1,00,000
1,50,000 - 6,00,000
4,00,000 - 9,00,000
1,00,000 - 1,75,000
3,25,000 - 7,50,000
1,50,000 - 3,50,000
1,00,000 - 3,00,000
1,25,000 - 2,00,000
5,00,000 - 10,00,000
1,50,000 - 5,00,000
7,00,000 - 17,00,000
50,000 - 1,00,000
3,00,000 - 5,00,000
1,50,000 - 2,50,000
1,50,000 - 2,50,000
1,00,000 - 2,00,000
1,50,000 - 2,50,000
4,00,000 - 7,00,000
1,00,000 - 2,00,000
5,00,000 - 13,00,000
2,00,000 - 4,00,000
2,75,000 - 3,00,000
1,25,000 - 2,25,000
1,00,000 - 1,25,000
3,00,000 - 5,00,000
3,00,000 - 5,00,000
1,25,000 - 3,00,000
1,25,000 - 3,00,000
1,50,000 - 3,50,000
2,00,000 - 7,00,000
2,00,000 - 2,25,000
6,00,000 - 8,00,000
1,25,000 - 4,00,000
8,00,000 - 18,00,000
1,75,000 - 4,00,000
2,00,000 - 4,00,000
1,00,000 - 2,00,000
1,00,000 - 6,00,000
3,50,000 - 5,00,000
4,00,000 - 8,00,000
8,00,000 - 18,00,000
80,000 - 1,50,000
3,50,000 - 8,50,000
8,00,000 - 10,00,000
1,00,000 - 3,00,000
50,000 - 1,00,000
3,00,000 - 4,50,000
1,00,000 - 1,50,000
1,00,000 - 2,25,000
1,00,000 - 1,75,000
2,75,000 - 3,25,000
1,00,000 - 2,00,000
1,50,000 - 6,00,000
1,00,000 - 2,00,000
2,25,000 - 7,25,000
2,00,000 - 7,00,000
3,00,000 - 5,00,000
3,00,000 - 5,00,000
1,25,000 - 3,00,000
1,25,000 - 3,00,000
1,00,000 - 3,50,000
1,25,000 - 2,25,000
1,25,000 - 2,25,000
7,00,000 - 17,00,000
1,00,000 - 2,00,000
3,00,000 - 5,00,000
3,00,000 - 4,00,000
3,00,000 - 5,00,000
4,00,000 - 8,50,000
1,25,000 - 3,50,000
1,00,000 - 2,50,000
1,25,000 - 3,75,000
4,50,000 - 9,50,000
1,00,000 - 2,50,000
1,00,000 - 2,25,000
1,00,000 - 3,00,000
1,00,000 - 2,25,000
4,00,000 - 7,50,000
8,00,000 - 18,00,000
2,25,000 - 6,00,000
5,00,000 - 10,00,000
2,50,000 - 3,00,000
3,00,000 - 4,00,000
1,00,000 - 3,00,000
3,00,000 - 6,00,000
2,50,000 - 3,75,000
8,00,000 - 11,00,000
1,25,000 - 2,25,000
3,50,000 - 6,50,000
1,50,000 - 2,50,000
2,50,000 - 6,00,000
6,50,000 - 16,50,000
1,00,000 - 1,50,000
5,00,000 - 11,00,000
5,00,000 - 10,00,000
2,75,000 - 3,50,000
1,00,000 - 3,00,000
3,50,000 - 5,50,000
2,25,000 - 3,00,000
1,25,000 - 2,25,000
5,00,000 - 15,00,000
1,25,000 - 2,00,000
2,00,000 - 6,00,000
1,25,000 - 2,25,000
1,50,000 - 2,50,000
1,50,000 - 2,50,000
1,00,000 - 2,25,000
5,00,000 - 13,00,000
50,000 - 1,25,000
1,75,000 - 2,25,000
5,00,000 - 13,00,000
1,75,000 - 3,00,000
1,00,000 - 6,00,000
5,00,000 - 12,00,000
8,00,000 - 9,00,000
2,00,000 - 5,00,000
3,00,000 - 8,00,000
50,000 - 1,25,000
2,50,000 - 6,00,000
2,00,000 - 7,00,000
50,000 - 1,25,000
1,50,000 - 3,50,000
2,25,000 - 4,50,000
5,00,000 - 7,00,000
2,50,000 - 7,00,000
1,25,000 - 2,00,000
60,000 - 80,000
3,50,000 - 4,50,000
3,00,000 - 3,50,000
1,00,000 - 2,25,000
1,00,000 - 2,25,000
2,00,000 - 5,00,000
1,25,000 - 4,50,000
3,00,000 - 5,50,000
5,00,000 - 15,00,000
5,00,000 - 8,50,000
2,50,000 - 5,00,000
2,00,000 - 5,00,000
5,00,000 - 15,00,000
2,50,000 - 4,00,000
2,00,000 - 4,75,000
4,25,000 - 8,00,000
5,00,000 - 12,00,000
6,00,000 - 8,00,000
6,00,000 - 16,00,000
5,00,000 - 15,00,000
3,00,000 - 5,00,000
5,00,000 - 9,00,000
6,00,000 - 12,00,000
3,50,000 - 5,00,000
4,00,000 - 7,00,000
8,00,000 - 16,00,000
4,00,000 - 6,00,000
5,00,000 - 9,00,000
50,000 - 3,00,000
1,75,000 - 4,50,000
8,00,000 - 18,00,000
1,00,000 - 3,00,000
1,00,000 - 5,00,000
1,50,000 - 6,00,000
2,50,000 - 7,50,000
1,00,000 - 4,00,000
3,00,000 - 5,50,000
5,50,000 - 12,00,000
4,00,000 - 8,00,000
1,00,000 - 4,00,000
3,00,000 - 8,00,000
2,00,000 - 3,50,000
5,00,000 - 10,00,000
2,00,000 - 3,00,000
6,00,000 - 9,00,000
6,00,000 - 9,00,000
50,000 - 2,75,000
1,50,000 - 3,75,000
1,00,000 - 6,00,000
9,00,000 - 12,00,000
5,00,000 - 8,00,000
6,00,000 - 8,00,000
3,00,000 - 7,00,000
3,25,000 - 6,00,000
4,00,000 - 8,00,000
2,00,000 - 5,00,000
1,50,000 - 3,75,000
1,00,000 - 5,00,000
3,00,000 - 5,00,000
3,00,000 - 6,50,000
7,00,000 - 12,00,000
6,00,000 - 12,00,000
1,00,000 - 6,00,000
2,50,000 - 5,00,000
3,00,000 - 5,00,000
3,00,000 - 5,00,000
2,50,000 - 3,75,000
7,00,000 - 10,00,000
1,75,000 - 2,50,000
3,00,000 - 5,00,000
3,00,000 - 6,00,000
2,00,000 - 5,00,000
1,50,000 - 2,00,000
2,25,000 - 3,75,000
4,00,000 - 8,50,000
1,75,000 - 3,00,000
5,00,000 - 8,00,000
4,00,000 - 9,00,000
3,00,000 - 7,00,000
5,00,000 - 10,00,000
2,50,000 - 5,00,000
2,50,000 - 7,00,000
7,00,000 - 13,00,000
4,00,000 - 8,00,000
1,25,000 - 3,00,000
6,00,000 - 8,00,000
4,00,000 - 7,50,000
2,50,000 - 4,50,000
8,00,000 - 12,00,000
2,00,000 - 4,50,000
3,00,000 - 7,00,000
4,00,000 - 6,00,000
1,50,000 - 2,50,000
1,25,000 - 2,25,000
7,00,000 - 15,00,000
5,50,000 - 15,00,000
5,00,000 - 15,00,000
6,00,000 - 13,00,000
3,00,000 - 8,00,000
7,00,000 - 15,00,000
4,25,000 - 8,00,000
3,75,000 - 8,00,000
5,50,000 - 15,50,000
5,00,000 - 10,00,000
4,00,000 - 9,00,000
3,00,000 - 6,00,000
7,00,000 - 15,00,000
5,50,000 - 15,00,000
5,00,000 - 15,00,000
6,00,000 - 13,00,000
3,00,000 - 8,00,000
7,00,000 - 15,00,000
4,25,000 - 8,00,000
3,75,000 - 8,00,000
5,50,000 - 15,50,000
5,00,000 - 10,00,000
4,00,000 - 9,00,000
3,00,000 - 6,00,000
2,00,000 - 4,00,000
2,50,000 - 4,75,000
2,50,000 - 3,50,000
2,00,000 - 3,25,000
1,00,000 - 3,50,000
2,50,000 - 4,00,000
1,00,000 - 2,00,000
2,00,000 - 5,00,000
1,00,000 - 1,50,000
1,25,000 - 2,50,000
3,00,000 - 4,00,000
3,00,000 - 5,00,000
50,000 - 3,00,000
4,75,000 - 7,00,000
70,000 - 2,50,000
4,75,000 - 6,00,000
2,00,000 - 4,00,000
1,00,000 - 3,00,000
2,00,000 - 7,00,000
2,50,000 - 5,00,000
1,50,000 - 6,50,000
1,00,000 - 4,00,000
1,00,000 - 4,00,000
1,00,000 - 4,00,000
3,25,000 - 6,00,000
1,00,000 - 3,50,000
1,75,000 - 3,00,000
3,00,000 - 5,00,000
2,00,000 - 7,00,000
5,00,000 - 7,50,000
1,00,000 - 6,00,000
1,25,000 - 2,75,000
2,00,000 - 4,00,000
3,00,000 - 5,00,000
1,75,000 - 3,00,000
80,000 - 1,25,000
1,00,000 - 6,00,000
1,50,000 - 2,50,000
80,000 - 3,00,000
3,00,000 - 6,00,000
3,00,000 - 5,00,000
4,00,000 - 9,00,000
4,00,000 - 9,00,000
2,00,000 - 4,50,000
1,00,000 - 5,00,000
8,00,000 - 17,00,000
1,75,000 - 4,00,000
1,50,000 - 5,00,000
1,75,000 - 3,00,000
1,00,000 - 5,50,000
50,000 - 3,00,000
1,50,000 - 3,00,000
1,00,000 - 3,00,000
3,00,000 - 4,00,000
2,00,000 - 7,00,000
1,75,000 - 3,00,000
4,00,000 - 9,00,000
8,00,000 - 10,00,000
3,00,000 - 4,75,000
1,75,000 - 3,00,000
5,00,000 - 15,00,000
2,50,000 - 3,00,000
2,00,000 - 6,50,000
3,50,000 - 6,00,000
1,00,000 - 3,00,000
1,25,000 - 2,75,000
1,25,000 - 5,00,000
50,000 - 1,75,000
4,00,000 - 7,00,000
2,00,000 - 4,00,000
4,00,000 - 8,50,000
7,50,000 - 15,00,000
1,00,000 - 2,75,000
4,00,000 - 9,00,000
3,00,000 - 8,00,000
1,50,000 - 6,00,000
1,50,000 - 3,00,000
2,00,000 - 5,50,000
2,50,000 - 6,00,000
1,00,000 - 3,00,000
90,000 - 2,00,000
5,00,000 - 9,00,000
1,00,000 - 2,50,000
80,000 - 2,50,000
1,50,000 - 5,50,000
50,000 - 2,50,000
2,25,000 - 4,50,000
4,00,000 - 9,00,000
1,00,000 - 2,50,000
2,50,000 - 3,75,000
2,00,000 - 6,00,000
2,25,000 - 3,50,000
3,00,000 - 4,00,000
1,25,000 - 3,25,000
1,25,000 - 4,75,000
3,00,000 - 5,00,000
2,00,000 - 5,00,000
1,25,000 - 3,50,000
3,00,000 - 4,50,000
1,75,000 - 3,00,000
1,25,000 - 3,00,000
1,25,000 - 3,00,000
1,25,000 - 3,00,000
1,25,000 - 3,00,000
2,50,000 - 6,00,000
2,50,000 - 3,00,000
2,50,000 - 3,00,000
1,75,000 - 4,00,000
3,00,000 - 5,00,000
3,00,000 - 5,00,000
90,000 - 3,00,000
2,25,000 - 3,50,000
3,50,000 - 5,50,000
1,50,000 - 2,50,000
1,00,000 - 2,50,000
2,50,000 - 4,00,000
1,00,000 - 1,75,000
2,00,000 - 3,50,000
8,00,000 - 16,00,000
1,50,000 - 2,50,000
2,75,000 - 3,00,000
1,00,000 - 5,00,000
1,00,000 - 3,00,000
1,75,000 - 2,75,000
2,00,000 - 5,00,000
1,00,000 - 3,00,000
2,00,000 - 4,00,000
1,00,000 - 1,50,000
1,00,000 - 3,00,000
2,75,000 - 4,50,000
3,50,000 - 7,00,000
50,000 - 2,50,000
3,00,000 - 7,00,000
3,00,000 - 6,00,000
1,00,000 - 2,00,000
80,000 - 3,00,000
3,00,000 - 8,00,000
1,75,000 - 2,25,000
6,50,000 - 13,00,000
2,25,000 - 4,00,000
6,00,000 - 11,00,000
1,50,000 - 4,00,000
2,00,000 - 4,00,000
60,000 - 2,50,000
3,25,000 - 7,50,000
3,25,000 - 7,50,000
5,00,000 - 8,00,000
1,25,000 - 3,00,000
2,00,000 - 4,00,000
1,50,000 - 5,50,000
1,00,000 - 4,00,000
1,00,000 - 2,50,000
4,75,000 - 7,50,000
2,00,000 - 4,50,000
4,00,000 - 6,00,000
2,00,000 - 3,50,000
1,00,000 - 2,00,000
1,50,000 - 2,00,000
4,00,000 - 7,50,000
1,00,000 - 2,50,000
2,00,000 - 5,00,000
8,00,000 - 12,00,000
7,00,000 - 12,00,000
2,25,000 - 3,00,000
50,000 - 3,00,000
1,50,000 - 2,50,000
3,00,000 - 5,00,000
2,00,000 - 6,00,000
4,00,000 - 9,00,000
3,50,000 - 7,00,000
2,00,000 - 3,75,000
2,00,000 - 4,00,000
1,50,000 - 3,50,000
50,000 - 3,00,000
2,00,000 - 4,00,000
3,75,000 - 7,00,000
2,00,000 - 4,00,000
2,75,000 - 4,25,000
1,50,000 - 4,00,000
1,75,000 - 4,25,000
2,00,000 - 3,50,000
1,25,000 - 2,00,000
3,50,000 - 5,00,000
1,25,000 - 4,00,000
2,00,000 - 5,50,000
5,00,000 - 7,50,000
3,00,000 - 3,50,000
1,50,000 - 2,50,000
1,75,000 - 4,75,000
2,50,000 - 4,00,000
3,00,000 - 6,00,000
3,00,000 - 5,00,000
1,25,000 - 3,00,000
1,25,000 - 3,00,000
1,00,000 - 4,00,000
2,00,000 - 4,50,000
1,00,000 - 4,00,000
3,00,000 - 5,00,000
2,00,000 - 5,00,000
1,50,000 - 2,75,000
1,50,000 - 3,00,000
3,75,000 - 4,00,000
1,50,000 - 2,50,000
5,00,000 - 7,00,000
1,25,000 - 2,25,000
1,75,000 - 2,50,000
50,000 - 2,50,000
5,00,000 - 9,00,000
1,00,000 - 4,50,000
90,000 - 1,75,000
3,50,000 - 7,50,000
1,50,000 - 4,00,000
3,50,000 - 5,00,000
2,00,000 - 7,00,000
4,00,000 - 6,00,000
6,00,000 - 12,00,000
1,00,000 - 5,50,000
3,00,000 - 6,00,000
1,75,000 - 3,00,000
1,75,000 - 2,00,000
1,75,000 - 3,75,000
3,00,000 - 7,00,000
1,75,000 - 4,25,000
2,25,000 - 3,75,000
2,50,000 - 4,50,000
2,00,000 - 4,00,000
2,00,000 - 3,25,000
2,00,000 - 3,00,000
3,00,000 - 4,00,000
1,50,000 - 4,00,000
2,50,000 - 4,50,000
1,75,000 - 2,50,000
2,25,000 - 4,50,000
2,00,000 - 5,00,000
5,00,000 - 15,00,000
2,50,000 - 4,50,000
1,75,000 - 4,00,000
1,75,000 - 5,00,000
1,50,000 - 3,50,000
5,00,000 - 10,00,000
1,75,000 - 3,75,000
1,50,000 - 5,00,000
Less Than 50,000
2,75,000 - 3,75,000
4,00,000 - 6,00,000
2,50,000 - 3,00,000
8,00,000 - 18,00,000
1,00,000 - 2,00,000
1,50,000 - 2,00,000
2,00,000 - 7,00,000
7,00,000 - 9,00,000
7,50,000 - 17,50,000
6,00,000 - 9,00,000
3,00,000 - 4,00,000
3,00,000 - 3,75,000
3,75,000 - 5,00,000
Remuneration : Rs 35000
2,00,000 - 2,50,000
5,00,000 - 15,00,000
1,75,000 - 3,00,000
1,00,000 - 4,00,000
1,00,000 - 4,00,000
1,00,000 - 4,00,000
1,00,000 - 3,00,000
90,000 - 1,50,000
8,00,000 - 9,00,000
1,75,000 - 4,75,000
2,00,000 - 3,50,000
1,25,000 - 1,50,000
50,000 - 1,25,000
2,25,000 - 3,50,000
4,00,000 - 8,00,000
1,50,000 - 3,00,000
3,75,000 - 6,00,000
2,00,000 - 3,50,000
1,00,000 - 2,00,000
2,00,000 - 4,00,000
5,00,000 - 15,00,000
3,00,000 - 4,00,000
1,75,000 - 3,00,000
2,00,000 - 2,50,000
5,00,000 - 15,00,000
1,75,000 - 3,00,000
1,00,000 - 4,00,000
1,00,000 - 4,00,000
1,00,000 - 4,00,000
1,00,000 - 3,00,000
90,000 - 1,50,000
8,00,000 - 9,00,000
1,75,000 - 4,75,000
2,00,000 - 3,50,000
1,25,000 - 1,50,000
50,000 - 1,25,000
2,25,000 - 3,50,000
4,00,000 - 8,00,000
1,50,000 - 3,00,000
3,75,000 - 6,00,000
2,00,000 - 3,50,000
1,00,000 - 2,00,000
2,00,000 - 4,00,000
5,00,000 - 15,00,000
3,00,000 - 4,00,000
1,75,000 - 3,00,000
